3000 5500
41 467 -100
1169 724 -108
2962 464 95
2281 1827 41
2995 2942 36
2391 2604 -3
292 382 116
1718 1895 126
2771 2538 112
1667 2299 144
1703 2811 -33
2673 1664 61
1253 868 44
2662 2757 109
2723 741 28
316 35 -42
288 106 -92
1264 1648 -105
890 729 -50
6 1101 98
1629 623 -4
756 2840 -26
1931 2308 -39
626 2323 88
1118 2082 41
1833 1115 108
1704 930 56
1673 1386 95
2924 1072 -129
2777 573 12
2986 1290 36
1355 767 124
1031 52 -100
1941 724 -130
1107 191 87
457 287 33
2945 2909 8
221 588 -46
506 1030 68
900 2591 -5
2410 359 -137
548 483 141
602 350 86
374 2020 -21
348 2199 -34
2281 1734 49
2418 938 -38
127 467 -43
648 1483 21
2310 617 64
2309 1616 51
2600 2249 56
1798 303 -58
2844 2609 2
195 2485 93
523 1587 -53
1448 1200 -18
2580 1796 -131
1589 2798 7
2472 2622 -142
38 179 -107
1958 191 88
1156 2511 -84
272 2055 -146
2362 1886 83
2869 2142 -66
881 1998 -51
1021 2699 126
892 389 62
2600 2510 19
2861 2688 39
255 1423 -85
182 1285 -76
1617 2757 -32
1169 2154 89
1976 1329 -42
425 1555 -49
1441 512 60
718 753 123
1279 1996 79
1549 2437 -49
193 2195 16
1286 1105 -82
455 1734 -1
1316 2671 -113
1313 355 103
912 1808 -95
1313 756 58
2646 982 94
2196 2222 61
2535 2450 116
44 659 -39
2253 2024 -110
1745 2649 -63
1474 1022 -68
787 905 -41
1202 625 64
314 1824 -74
372 2159 20
1487 1297 -77
2773 2270 118
2192 1985 -80
2213 1627 -49
527 2625 124
2023 2972 81
1003 432 143
1725 1031 -142
2222 1286 -100
1187 2360 74
2270 2170 83
1711 1760 -17
1285 550 -44
2695 624 25
2576 694 -52
2371 1466 -93
2851 1484 -114
119 2152 -87
1060 1926 -107
2170 2315 -77
43 1758 -9
1882 2086 37
2577 2474 127
2629 1928 20
902 2962 146
737 1261 125
1264 2260 -16
2030 2326 21
411 1547 70
2790 2924 -13
1940 2851 -29
900 2713 -28
2365 1007 0
2058 439 10
1357 2324 8
113 2887 50
2460 1428 84
1405 540 54
835 2356 -100
823 2485 -116
1626 357 -7
2337 2271 111
896 1022 62
717 696 41
423 129 65
559 2932 -5
53 1962 -34
654 1972 119
1532 2963 83
911 2635 48
1675 938 92
2754 511 75
459 2825 20
1626 1934 133
2850 2398 51
193 734 134
2556 1993 -55
962 1548 0
2413 1641 105
1142 2462 127
2424 2678 -143
1296 673 -13
875 2072 -10
1017 2932 -95
1169 2831 -88
1685 1090 39
1990 145 114
651 2740 -8
335 2759 -105
1264 181 79
2775 2608 -147
2549 2556 127
467 2541 40
813 2174 77
2215 2683 142
1824 2601 -9
2670 2428 34
1075 786 -70
287 2847 -53
221 1663 -113
10 1171 90
164 1542 63
1591 704 -82
750 1205 39
303 2422 -147
1584 1648 14
1913 2075 62
2546 678 112
2519 1985 44
2865 540 8
1318 870 123
132 472 -37
1570 2763 3
2423 527 -119
2015 2565 -93
1347 2088 37
1409 2463 31
1588 2342 -110
221 1758 -38
2146 690 93
430 1620 -67
1536 2783 126
185 1038 129
2224 748 59
2257 766 -105
2318 2726 25
2355 1001 46
584 515 -92
2075 2913 -146
948 1072 -56
2173 429 -105
2626 2812 93
1565 1036 -41
814 2994 -52
2936 838 -5
15 1131 -141
2625 2011 136
1690 1650 -34
1893 1353 -102
2008 1262 54
1303 1634 6
148 2124 13
109 28 -80
318 1858 -5
1361 264 76
2643 2909 -111
1489 948 -3
674 2220 -23
831 1369 -9
1008 1619 3
945 781 -92
2685 1313 -39
722 2938 110
1461 234 -61
959 493 69
937 1869 0
1971 2264 15
555 1815 -39
212 2288 -4
1085 2710 -24
2380 2815 91
115 1679 -98
2073 788 132
2956 1689 108
941 790 63
28 1184 0
2071 1885 -21
2333 1867 45
2168 2825 -29
1650 2598 43
1686 80 -99
2667 1528 64
2421 2405 -66
1516 726 -137
681 1964 -136
21 2662 64
2309 2415 -23
2124 2941 112
1423 531 -118
318 2602 7
2481 1012 -80
114 2809 -6
290 293 -52
1054 1345 -98
1491 1712 114
1439 1958 -4
995 1052 129
238 2423 -66
2659 2498 -46
1462 2633 -22
1146 392 25
1647 2458 -57
1098 830 -50
1278 2799 -48
1882 540 75
2762 567 -97
1418 1897 -51
2816 230 125
658 229 -140
2560 147 -5
2675 792 104
1398 2146 -96
188 1569 -63
75 515 25
615 2528 -120
905 464 12
2161 524 69
330 1923 -83
1925 1910 136
337 1278 136
714 1164 149
1135 2505 104
1337 2623 -70
1608 568 35
152 373 -94
876 2826 -72
249 2640 -69
943 2611 39
2419 2565 85
1216 1450 59
2064 166 24
1509 300 123
589 1161 -118
358 2031 -76
1510 1422 -79
910 2552 -41
495 2764 -14
2902 1255 -24
972 2821 -47
577 789 45
594 1950 4
2481 1012 -39
1428 2912 -117
408 1415 -123
2759 2434 -86
1319 958 106
2166 700 142
787 1532 -74
447 2021 122
2331 2376 98
723 2982 -76
220 1111 -6
1490 2925 -36
1677 969 34
677 1668 -91
2196 1783 -77
2426 871 62
703 2027 -145
508 1185 -87
2443 313 0
1128 2111 -99
2192 1454 81
465 2267 143
634 1472 -30
901 1442 77
1770 702 -31
1590 2823 73
2179 1595 77
42 1310 -108
1926 487 -128
2651 2258 110
1783 286 -60
1472 1128 -141
2718 503 115
1938 1881 100
1614 598 -111
2063 2756 28
1489 1435 125
1586 1386 110
1330 2048 -92
433 2840 -85
1810 2599 142
1982 1328 -119
1244 794 -102
2647 2432 8
264 497 49
1015 2841 50
1812 648 51
474 1633 50
1854 990 119
2780 1578 144
340 1487 25
2483 2538 -43
1252 1011 -84
1840 1497 79
1540 805 42
1210 1549 -129
971 277 93
1620 497 -76
1790 582 -59
2418 2489 149
924 72 -8
967 1208 53
370 2607 -74
1722 611 111
2056 890 33
1716 1932 -41
1954 813 -46
460 2615 -49
2136 1680 -32
2387 2584 -67
2006 2670 132
1249 523 -105
2621 2095 -16
678 1178 8
577 750 29
81 2995 -76
753 2899 -115
93 1608 -143
2929 1514 -105
2191 2973 -148
2651 1986 -96
1577 2517 66
2874 791 112
2146 693 65
2949 2857 -102
236 2551 26
1162 1955 144
180 1097 65
2513 261 -78
1878 2140 147
2445 170 139
750 149 65
1214 2282 132
2896 1367 -82
1810 2641 87
705 479 88
1351 1447 -46
1276 1759 122
666 2486 78
2614 1860 77
1348 503 81
2082 455 56
2752 821 -31
2021 455 124
318 135 -124
2859 998 -103
922 1635 88
2153 1232 30
1926 1678 -101
961 2199 113
2716 1573 145
473 1274 -53
1181 1287 110
643 2465 -129
981 2112 -31
2247 2890 105
2372 32 20
2165 431 -43
2206 2578 -106
171 166 -47
1020 2694 88
109 2984 28
617 1015 -84
168 2906 -97
1118 390 85
2486 1199 -10
271 813 85
318 580 67
2387 1444 -107
1360 2827 -31
1152 271 -43
1885 337 54
677 406 -72
1413 2000 -137
38 388 89
1647 181 84
1987 1761 117
501 2482 65
1753 1104 -45
1525 221 -31
1872 2106 -43
1593 80 -18
411 1713 -101
216 79 -90
1531 933 113
259 2653 -145
365 2874 -135
1680 2976 25
1071 808 6
2602 2832 90
1375 562 62
80 1836 2
1508 1080 -76
58 1493 -146
2474 773 30
2335 2072 -107
1955 2666 38
481 2168 46
1225 1009 -136
2455 762 142
21 2922 -98
2018 368 114
2650 1290 9
169 895 140
979 199 41
661 2681 -53
33 2029 142
2253 2083 -64
2718 244 29
2652 864 20
5 47 -37
326 276 90
1679 2990 -110
2271 2945 120
2183 2589 28
779 2006 -35
2487 196 138
935 1779 90
962 965 55
2807 567 134
2671 1457 -95
1597 2218 -144
1372 2563 -14
1801 2723 -104
1601 227 142
1771 2363 13
1721 565 45
610 495 22
1812 2151 105
393 2738 82
1608 654 -7
245 1338 -90
1339 2154 -123
1225 2078 -31
2330 2733 44
2130 846 45
805 2616 -89
338 963 147
2209 630 -108
2737 474 -72
1293 855 -111
1056 606 -25
1382 2119 132
684 779 133
2667 836 118
737 28 27
1737 2091 -145
1060 901 132
2136 1580 57
184 1074 90
2476 41 79
1290 1974 -141
189 787 -89
2893 53 31
1903 5 -29
1695 139 -48
83 2639 21
2993 826 -138
828 581 128
2891 1023 84
2243 1349 -7
2502 1141 96
891 637 0
1816 1690 -85
2126 1410 132
2260 189 74
2663 2722 66
1360 38 -11
1245 467 17
1189 1542 97
502 2617 123
2226 1203 -51
1570 2636 -17
2456 405 112
2819 1975 -31
1495 2044 103
388 915 -19
272 1791 83
1775 642 0
2954 78 7
1333 893 -53
1750 2233 -121
1611 990 -41
2258 1047 -58
479 1302 90
1002 568 -95
135 8 92
1194 2699 -78
1042 1357 47
1469 1345 -113
2964 1710 35
2073 504 -3
1102 2069 -79
1552 2074 130
2244 1844 18
65 2363 -123
470 2731 11
2869 2398 -53
352 1679 143
2522 1088 34
850 2022 -11
492 2651 -27
616 2876 -120
2615 1348 -79
1635 1857 12
902 1262 -120
1022 273 86
1888 917 92
1698 2267 65
1389 932 31
2003 2130 -31
2589 2152 -122
1864 407 78
2681 490 -77
1071 1236 93
1840 633 43
1630 2274 132
2203 2461 -12
1307 2997 123
2890 1717 -53
2566 1883 9
245 2386 65
1601 1840 147
283 2250 -21
175 581 121
1287 999 -79
2138 1700 -61
118 205 -78
459 2622 -10
98 935 14
1567 493 -111
1746 1538 -138
476 555 21
1760 2752 -133
2255 2065 -1
34 759 98
273 792 33
137 2103 -11
1694 668 148
989 248 97
2149 931 125
1598 1449 -149
2123 1443 4
1861 1434 117
1816 2393 -16
953 308 84
792 1667 -69
1930 811 -40
2427 2743 -99
1474 1195 -58
2589 858 39
2447 40 -64
2975 26 103
66 2412 -120
2676 1395 136
2651 109 133
85 2390 -86
1755 2381 -2
277 862 -115
872 832 28
646 2889 -83
925 265 -95
2778 2821 120
927 773 -101
1675 1336 -1
2737 310 -90
2356 1071 -135
2145 2282 118
1573 1712 48
905 1162 142
1539 1047 -53
231 115 58
2829 2645 -99
1645 2272 112
2072 1773 -138
2897 542 -3
2277 125 -51
78 382 36
478 2939 -121
1426 1663 125
724 1981 -11
1862 1002 -45
684 16 57
1993 284 -109
821 1058 118
1677 119 91
2891 1264 15
2072 2929 65
2615 536 9
700 1452 91
2829 448 98
1224 1324 -133
1885 38 -112
2629 2084 28
923 85 -74
2193 2105 -15
2767 407 134
704 2790 -91
621 85 -140
2542 2998 -68
621 424 76
254 2669 -27
493 2068 -102
2438 600 68
2290 2984 6
1808 1632 -114
1787 1239 -120
1827 2554 -91
1798 1642 -121
104 1946 -59
2833 2708 83
2686 2804 92
842 2260 120
1343 578 113
1063 1591 -15
656 2761 -61
2959 1251 -20
2124 2507 34
1951 2101 58
441 1790 112
2855 60 72
1402 2676 23
266 651 78
532 1761 103
2729 2107 -51
2953 1392 -19
1472 2407 -55
1440 2383 -109
1607 38 -71
2171 2654 114
2523 229 16
2887 2756 -120
1739 2666 -83
2160 2553 91
1259 1386 129
42 1317 56
1388 1452 -16
2833 760 131
738 267 -98
314 1320 7
1469 216 -42
2007 463 -47
1793 1630 93
1376 1314 -17
1334 2620 92
2964 1154 -143
664 2775 -62
100 1551 -79
1943 2877 61
2385 2272 -144
2561 1563 -46
2888 2308 80
2123 464 -146
1837 1981 -61
1292 2591 -123
461 1991 30
1498 2369 0
2179 117 114
1595 1441 -117
1028 1453 23
2981 2503 66
1883 1367 52
2230 2157 117
2310 1866 121
477 1245 -88
671 2047 92
311 2657 53
1171 2580 -30
1675 320 -27
1998 1586 -139
1631 2744 -60
718 2919 77
2609 1119 66
300 396 58
2830 593 -149
2854 272 -144
54 2333 -29
1471 1428 41
2421 1688 -33
2685 2270 11
1860 2208 -112
2506 878 97
1887 538 33
2540 1795 -33
1509 557 34
2053 135 -43
2843 693 -1
140 2094 74
2512 97 145
817 2492 -137
530 613 -110
2389 2628 136
1744 840 -69
120 393 -112
2214 527 144
2705 2713 13
693 1664 45
2762 2381 -59
1048 768 -11
1954 1235 83
1240 1862 127
2817 2340 -100
1400 558 -4
1935 1430 145
537 623 -77
1029 211 54
2880 253 21
2785 2528 100
1555 671 -102
375 2631 -84
40 1986 -148
1539 1765 -112
1262 1052 137
464 2557 -6
2170 2450 -101
1293 99 -144
2331 75 0
26 2066 -1
1623 1843 80
1695 1918 13
628 329 -54
2613 979 66
1679 577 102
2115 2292 22
2448 323 48
395 1197 -108
2411 1993 81
202 2610 -106
705 2965 69
2715 2253 134
2478 2145 -83
1285 2900 -144
1633 1885 -131
32 1256 -72
2982 2901 -135
2860 2471 87
2343 768 95
2171 1603 -11
1879 1034 -143
530 2161 -58
926 2906 43
188 227 84
2224 1093 24
1094 582 77
1005 2146 -89
2540 237 -9
578 1956 3
1042 300 125
143 595 -65
1804 6 -141
335 698 113
1023 1312 -7
396 2339 -144
1846 43 -11
1280 2455 -147
1870 990 127
413 454 -22
450 2241 96
2525 1213 -79
2695 1403 -43
2067 1187 -29
1041 125 -60
2000 1907 92
1293 2117 3
943 2893 61
2925 28 -98
2850 1892 -4
2623 353 -47
346 826 4
1238 2571 -55
2299 1056 -67
751 2019 16
2717 1846 37
1421 1912 99
2444 2897 28
942 1104 -68
2641 1296 -70
244 918 69
2584 174 -109
1149 2014 53
2032 1851 114
2363 1651 140
1917 683 -34
252 586 148
137 2397 -68
2027 1148 32
2271 669 27
1014 1104 -93
2495 2811 92
798 1990 40
2493 2074 124
314 2173 118
2865 1833 -111
1252 463 -99
2088 245 120
1106 1271 -121
258 1157 32
238 122 6
706 1189 -45
351 923 -50
2097 2836 56
1510 1813 80
844 743 145
2578 1949 64
1785 227 -104
1356 2917 105
1102 2286 -148
2979 411 108
1490 775 -32
89 296 -12
2122 529 -36
277 2553 -20
85 2652 97
1751 2001 43
72 2916 -128
1511 2125 -146
939 2544 -76
902 2758 -21
1586 2108 28
979 2947 80
1245 1128 -76
1719 1677 147
1785 2231 -134
954 1769 56
1421 945 116
860 1497 90
2677 1049 86
2388 675 127
1130 1487 132
1253 0 -139
2488 1215 -110
940 799 107
2454 304 135
499 792 62
682 983 79
2137 2033 -64
2683 2857 -60
968 1708 132
437 2684 1
2869 1583 -42
1640 87 -10
2820 2835 115
1897 677 -84
553 1533 -36
1624 2734 49
712 2984 -42
504 1822 13
462 473 -10
1122 2053 122
1750 337 106
1931 1197 136
1357 599 -98
985 447 -142
725 2996 78
338 2342 -95
742 37 -17
2053 793 146
609 1924 -65
239 2206 42
1499 175 -111
1647 618 27
712 896 91
2130 90 -115
286 523 -144
2736 1037 -43
1949 971 -127
1285 2200 -85
1325 2118 -106
729 8 75
536 2980 -20
384 1747 -36
204 1700 114
1411 1040 -104
2483 766 120
1845 1506 -6
1107 2266 28
2199 674 141
2990 2832 -46
2917 1290 57
2234 1246 -52
2239 426 6
2314 1350 -29
2776 1822 51
812 2676 -7
2570 38 -94
1561 1180 -43
856 61 89
1808 290 -79
2618 419 84
547 2977 13
709 1371 -139
336 2621 84
129 358 -119
1897 1504 -2
2105 1238 -115
516 2481 23
1727 1771 32
140 816 -19
2589 2513 1
2271 2283 -38
12 184 101
574 1733 114
649 595 -91
2416 377 -115
1891 138 -117
55 1787 -72
1439 441 -104
834 1368 22
2668 1974 -37
2633 241 18
1015 1974 -96
2956 1524 -131
2144 2240 -146
2876 1027 68
1291 1641 141
1471 259 -117
2016 1943 -114
1505 1157 -16
275 2046 -89
46 2145 102
1901 2326 34
1649 350 46
1025 1970 -145
793 2323 -56
896 210 -142
2550 290 52
2350 2315 -111
760 984 134
50 1082 -136
1584 1790 82
1066 2116 -125
1101 2610 -32
1621 2193 -104
1593 2895 -88
1167 2420 83
2865 696 40
1632 2189 83
1817 1129 29
613 1600 -145
1861 2151 -13
1813 2907 -126
617 2211 14
966 1531 -48
1522 1155 107
2158 1464 -110
946 1065 -115
2946 1540 92
2464 2194 -70
2715 2200 -6
1302 696 111
1067 415 25
354 2448 29
988 2321 -97
1197 1509 -71
658 2122 47
1999 1899 -120
2036 1984 -115
2953 1485 149
2567 1208 -19
2681 1879 -107
2259 1706 75
1026 2124 74
2884 2128 -145
2481 2714 18
1338 2307 104
1105 1697 55
1641 2343 147
679 2736 133
1954 930 -104
2279 488 -104
2072 2176 115
86 1231 -25
260 2514 -7
2990 1438 147
2242 618 -131
61 219 140
833 2672 2
502 2928 148
1447 1945 -122
2686 2794 94
683 547 -35
1464 1723 3
168 1130 116
1858 1512 -18
1201 142 -6
2702 1684 120
2312 2250 61
2850 1195 -120
2101 2183 -142
848 784 37
2462 1343 -59
2871 2016 -32
441 2683 -115
1976 516 -39
1283 205 46
2769 2675 87
20 30 -135
2389 2373 -73
1777 786 135
522 345 35
713 935 133
2186 1096 -135
2752 521 -82
636 1688 136
2792 65 -148
1496 2386 26
1547 121 -45
702 1564 22
2257 2370 -4
1359 2080 -141
2960 510 67
1033 1675 -49
2775 1790 -56
2272 2703 -117
515 2542 116
456 2186 148
626 364 15
908 2340 -114
154 12 -38
2706 525 -149
2179 79 38
2517 2421 141
1969 839 -65
2762 1473 70
2147 53 -58
1715 1429 -89
2663 2771 59
631 2572 -16
1988 170 -149
655 850 -36
1278 1406 113
1523 2371 123
2461 2173 -52
1587 1417 3
2126 2595 113
2406 370 55
1496 833 52
2879 519 -143
1585 465 144
2107 2271 49
1519 2596 2
1492 2753 140
959 1357 -9
2865 1686 109
1313 2435 -51
1468 1869 -131
1578 2074 93
1274 1316 -61
585 2722 7
2095 2174 -83
2658 2295 -33
231 2503 0
590 480 -55
2702 1858 -57
561 120 -106
1713 332 -82
2467 2320 -74
987 94 64
264 1714 -90
1425 2255 117
2792 2231 30
1718 1128 -70
79 2091 -137
2808 126 109
2518 220 114
1456 147 -134
360 751 -128
1294 589 -26
694 1090 122
1419 301 -94
2523 2539 127
637 2186 -27
169 2623 14
1415 644 -119
1378 1676 -2
846 137 38
616 1288 -24
2333 915 -6
62 616 -129
442 1984 -149
2396 26 -2
775 2416 2
759 755 44
554 1443 -49
1422 121 63
1917 793 60
1175 74 101
1622 1208 76
2720 2291 -129
72 977 8
254 922 -137
816 1803 -112
289 2253 99
322 1902 -69
654 729 -138
274 2226 84
1972 348 53
2307 1518 137
2695 1179 44
2659 1961 126
1472 2645 -22
628 196 85
835 1229 -132
956 1158 20
2296 1724 -76
1406 2983 124
691 2588 -114
104 2877 92
2004 623 -25
2611 842 -99
2135 1590 -128
2855 804 109
1381 779 -33
692 1532 -149
161 2047 140
2569 2959 -89
228 580 28
440 456 -44
745 1125 -48
1616 1180 64
1226 2472 93
2482 5 -33
2105 587 -38
1165 1064 -149
2032 2508 -88
2978 1638 9
169 744 -19
2049 2518 58
2143 2061 40
1186 1226 54
300 1768 147
2396 1566 -65
2152 2000 73
786 1668 79
2224 2728 -8
2425 2267 -134
452 2169 -70
2211 2235 -61
2064 1750 -45
2767 754 117
565 2942 -73
2815 579 88
1269 2886 -9
1640 1321 31
1626 1020 54
1893 984 49
336 829 -7
2405 1365 -49
1094 1592 -119
2017 2313 67
1977 1160 3
591 562 -54
2072 2134 0
193 945 -47
2521 2061 -9
1366 2885 18
107 2268 -100
1432 1799 -85
1098 2792 -82
1029 1316 108
1583 1399 107
2070 271 -80
1877 406 136
2403 2252 -85
1285 1428 -10
101 2949 -135
626 2157 41
938 2593 -133
1493 2768 85
1109 96 111
1739 2584 149
1731 2849 -56
850 1287 -119
223 1588 83
400 2158 -138
1463 2920 -8
1685 23 98
2356 2470 46
1683 988 96
2190 2275 19
2341 2197 4
1158 2058 -91
1341 837 -32
675 1736 -58
580 85 34
2253 2727 26
1670 2536 120
549 1348 99
1835 573 101
1731 617 121
376 1529 94
2342 1467 -28
916 634 57
2240 581 41
1131 749 149
1575 1099 45
2726 201 -83
1389 2735 -145
1745 170 67
1392 1752 -123
740 255 -20
1843 1030 -115
114 2980 -58
2124 8 67
717 928 -49
1580 1870 -62
2000 64 134
1682 2911 -118
2644 2826 -116
2592 988 -115
212 2947 -9
1052 2771 -10
2057 1666 -70
1145 925 -24
1774 1043 136
763 2016 -84
1301 2061 65
174 582 82
2024 2900 137
376 2300 -114
2537 2695 29
1851 2788 -94
706 1075 40
1884 2819 45
2158 1807 74
2438 156 -132
766 222 103
2271 955 25
2029 128 27
2394 2490 -4
2517 192 -18
148 56 -32
2743 2439 43
1927 269 33
2431 592 126
2842 1080 -11
1717 907 -45
1166 121 -82
6 491 -65
1195 1143 71
2592 2935 62
2881 1467 2
2322 1828 -129
424 2699 101
1794 2041 -133
2720 144 -127
213 2202 -2
2753 1249 -75
2090 638 45
701 2205 -123
287 1041 -130
209 2820 143
531 1674 0
2071 775 130
1794 1622 -140
2015 2452 -32
2933 1188 110
2945 923 -109
487 2943 134
389 1668 -48
280 479 13
860 447 -71
2182 344 -98
1636 353 88
2823 2825 40
1639 2046 -75
2624 2078 53
2781 377 -48
2170 494 -129
2726 1038 22
352 862 67
2128 465 109
82 2389 -119
735 2140 -132
1485 822 61
2896 2141 -82
2872 2361 -63
165 1645 -10
2128 1970 146
4 2514 110
1269 1552 21
1344 2830 -111
2395 151 -83
1710 2758 -45
2906 14 -34
2905 1812 41
575 1290 11
1167 2982 137
1793 1050 118
1274 884 85
460 105 92
824 550 -110
1801 759 73
67 1300 6
1140 1048 7
2449 2491 -82
1836 219 -29
1725 2519 51
631 2324 125
1301 283 38
164 1963 -34
770 2851 24
2511 2067 140
379 955 -11
2432 227 -89
2666 1237 -98
404 1048 21
1133 1175 114
147 2362 -126
454 658 84
1688 1466 -106
180 2429 129
389 843 -1
2384 920 36
2052 1582 -66
1472 2193 -129
1983 2987 97
2096 1594 103
2520 503 -20
1932 1953 -83
57 665 -130
1167 1966 -118
2926 1828 44
2703 449 3
1910 240 10
527 282 87
1863 2961 99
1251 318 108
1103 358 -128
2464 2457 -21
1922 1756 110
298 1343 -141
19 1352 -11
1811 793 131
651 1760 -121
842 2694 -85
1500 1955 73
650 688 110
2017 2932 -10
495 2419 -139
1171 851 123
637 1649 -107
1134 884 112
2641 1304 -62
537 551 32
1565 938 78
2194 2526 -145
928 1205 107
2312 401 127
2692 1353 142
1567 149 -5
2742 1748 15
2047 2073 99
137 2169 20
2053 2768 -128
2156 981 36
1929 731 -9
2752 2089 -138
1054 972 -6
171 147 11
2174 1819 55
1599 788 95
435 1492 -76
1667 403 149
54 1167 -14
129 2793 4
12 831 76
2647 2299 124
1836 612 107
503 1491 -129
27 1361 -96
2646 183 4
1032 102 76
1224 81 123
632 1343 -69
282 1989 149
35 179 -52
2399 1350 -145
2293 871 90
2204 2177 69
1750 528 -22
2668 2785 -134
651 884 115
189 2681 -109
2850 1546 -127
1233 421 68
546 350 111
846 2458 -71
2945 1502 -20
1254 1953 -136
1419 1735 -13
1335 1592 -115
370 1336 146
2644 1512 -115
2105 1726 23
1306 80 140
1591 214 7
2700 849 -85
762 2702 -74
2152 2848 138
1762 1237 -142
200 2343 131
370 2991 34
714 85 99
1282 2386 100
193 185 -108
2888 499 46
769 1331 -102
2970 1537 -27
2398 851 -63
2053 505 117
1662 2655 95
1618 2872 -20
2538 1121 123
2243 365 -35
1937 1599 142
554 1124 16
2429 722 -18
875 1692 -61
1132 1728 -49
277 1826 -78
2777 1338 44
125 139 40
640 1966 48
2547 951 51
110 557 109
403 576 -73
1574 454 56
2485 999 -80
573 2658 -34
2373 2031 -33
791 1422 -137
2364 568 -129
23 1709 91
2285 2477 122
2828 2435 67
9 743 65
590 891 38
1604 1776 -41
693 2409 -147
1662 1128 -59
1842 440 94
1642 1620 -146
964 2486 43
466 474 88
2349 827 -4
281 2246 135
1114 1350 -123
2943 312 -33
1239 1768 133
209 987 45
1912 1639 48
1479 1207 -54
1601 1940 68
2412 2377 72
2983 885 -120
1257 2702 106
276 1924 -137
1035 1699 -90
1367 1606 125
1520 2792 47
258 684 129
1782 2705 -89
923 870 -132
2196 180 22
715 1051 -55
174 477 -129
1882 851 137
1301 676 -73
161 197 25
2485 62 110
1718 2073 9
662 1224 -32
1475 1815 146
532 2568 -11
2472 1286 -89
2151 1604 94
76 598 -133
468 1184 114
2616 2014 -146
1873 1148 -46
941 1791 -89
1020 2355 -51
2081 2271 78
1173 1454 130
1238 1991 103
2448 567 -27
1490 1197 -123
589 2862 -29
888 1539 91
1167 2520 -47
2581 382 -139
2784 1403 -12
2732 2392 113
1923 2611 -92
1443 1270 49
2112 2576 86
2556 1603 -148
2508 878 -123
5 1411 17
943 1227 -90
2416 2801 44
2236 2012 -33
2740 401 135
828 633 34
1577 671 -113
1659 540 -82
1848 2366 -77
2458 2071 -5
2001 1434 -105
2507 1299 -25
2803 439 -138
1664 2673 -8
2280 2487 -13
13 452 -78
766 704 -149
1377 1837 109
2432 2955 126
2937 1366 -55
1290 446 -135
2093 936 -88
2456 403 -99
41 925 -24
1344 2863 26
1597 2334 76
2043 244 -111
2269 2175 96
1481 2471 -63
666 1030 -109
290 2059 -46
2759 1103 -91
2093 1196 100
2557 1435 -67
1869 1165 73
791 2516 15
118 243 -97
711 2091 -113
125 1007 -121
1727 2658 -125
1221 2576 19
2241 1611 -59
2635 2263 -114
336 2783 -88
339 2705 -40
868 1391 -35
2537 2320 -97
354 1703 -112
2865 2554 -52
2714 1629 -26
2463 528 -29
351 2199 142
1280 1016 -98
858 1730 1
2262 444 135
1055 572 8
2552 129 -110
2046 1627 -122
1936 1473 -33
2756 2051 34
2931 1322 102
2176 580 138
429 885 -10
1327 2274 -99
1042 55 15
1928 572 -26
1798 2523 87
1088 1997 -125
1750 1678 43
1630 1406 139
165 1521 64
440 113 60
2488 1763 -88
2821 2264 4
2722 1316 -136
2425 524 -2
120 2659 -82
341 2574 -66
2222 2754 -100
1516 1226 -2
1737 1901 99
967 102 131
1843 1710 -89
858 1184 56
586 2987 90
972 1518 103
1281 2662 -13
451 2115 -135
2333 564 -87
2453 1784 22
2921 1544 -57
88 129 40
1923 901 26
1731 500 -113
253 2311 32
451 1814 66
2212 834 2
2912 1141 0
180 2569 62
2365 1111 61
763 1321 -145
1443 850 64
2442 444 136
502 25 103
2007 6 129
2751 70 78
2541 59 -65
2944 1178 -134
1738 383 -137
1635 2030 -65
2080 2021 52
204 2446 -104
2045 1825 -149
2994 2529 -9
1316 2429 133
930 1746 -83
873 439 -135
987 2570 129
2560 2521 89
1163 444 105
2815 1713 -49
1137 1615 -108
2511 2383 -93
2737 2831 101
351 1290 -145
420 61 -67
273 2034 141
301 378 129
1500 615 72
1061 1952 -23
64 2537 -110
1791 978 111
1821 2718 -33
1933 2695 72
1468 2703 -95
1849 50 -92
1444 155 18
2885 301 -97
2606 187 109
1364 2633 90
625 1724 -50
2838 2031 67
2624 1584 94
2352 19 -117
2919 2174 130
1345 1716 -49
1162 685 121
502 1541 -73
1733 2452 79
2224 1159 15
845 1950 -41
2897 2213 136
2662 190 -6
2418 622 116
1218 1991 116
2103 2279 -67
345 2103 -20
25 1534 33
1235 1287 27
348 1624 -68
800 2244 86
695 2508 47
2192 1121 57
2071 2022 41
1052 2251 15
956 2980 115
523 300 -135
953 612 -26
157 2289 -49
1776 2461 -81
660 2700 -80
620 2545 18
2141 762 -133
2270 2082 -10
1364 141 36
1665 833 27
254 28 134
110 168 147
2125 1406 -113
2048 1690 94
1599 2643 14
2537 2558 -111
2414 1947 129
2587 2080 64
1234 2076 118
1384 847 -147
2555 1832 87
427 1896 74
799 653 41
1404 729 115
650 1532 19
296 439 -88
2241 2803 -120
2670 1849 24
1078 2787 -29
139 1898 138
815 2 35
63 1211 -77
583 930 82
982 2831 40
2812 256 -98
513 2126 64
215 293 37
418 1338 -70
2183 345 -109
1483 1221 10
1349 1923 5
847 2313 -134
2409 1234 -20
839 157 -106
1485 2592 -83
2735 2383 49
61 1090 100
479 2573 -135
2245 1209 -31
2939 699 107
195 1219 -27
2355 1560 2
800 603 -148
875 2569 -40
843 2557 69
2875 149 -46
1798 1467 -109
80 479 107
1719 2138 49
2770 2014 -55
232 2765 -70
1237 1264 103
2544 2050 101
344 2427 60
1696 2824 48
1640 1131 -54
2535 2903 9
414 2032 80
1318 432 90
461 132 67
2645 321 -55
1333 1721 -20
788 2394 -127
2835 2577 55
2050 2642 -18
1390 724 15
2754 171 -144
2267 1509 -22
1552 874 47
370 941 41
617 968 21
655 1727 -33
2137 932 112
882 2035 -85
2930 2534 -28
2688 1724 -33
2603 2125 -32
2760 2065 -64
2423 2322 -108
2638 2631 126
1362 563 -19
1851 2741 26
168 2521 -87
2531 1239 2
2830 2474 142
118 2900 -84
1606 1680 -23
2399 2168 134
1455 1544 -108
2800 1219 -149
1947 1580 148
684 2119 -90
2888 770 133
140 2622 140
2727 250 -147
1099 2050 -146
1304 1331 1
82 1139 70
676 1143 -123
116 2957 -66
2433 1843 -14
298 2471 11
809 2920 -77
1441 53 128
2491 597 81
823 1310 128
2993 90 84
266 247 122
1745 1974 -22
2377 2519 66
2805 2794 -74
1441 1089 -47
66 460 123
1465 2605 -38
1396 518 -44
726 2015 123
569 1124 -19
472 1670 115
825 1729 -37
195 830 50
1701 1794 103
2992 1959 -6
2613 1969 105
561 2651 -127
1576 1539 -52
2224 196 23
1912 2723 -121
1808 1620 106
2298 149 47
1466 443 -142
1531 1204 144
2450 1149 31
1598 845 95
1584 433 -149
567 2297 91
2231 2099 -24
387 759 -95
729 1659 -17
1966 968 144
1849 1796 -73
396 2417 118
48 781 74
688 884 -118
2425 204 -21
2960 1911 -1
2700 1342 -125
1430 1451 -148
1527 1480 82
425 614 -54
192 1009 -105
2866 1666 80
964 541 -86
1935 733 74
2076 292 51
596 527 87
27 1920 27
837 2710 53
137 2483 85
1621 2277 -80
1434 1711 3
930 2408 -98
632 1141 -116
63 1818 34
2509 2974 135
1408 960 -135
2778 101 105
401 796 -109
2731 2987 -75
1184 802 96
1688 2352 139
2895 398 18
1373 1257 23
915 68 110
2859 2125 -39
2583 1518 68
2061 167 116
2938 2226 32
876 760 -7
780 554 -61
1868 521 98
1757 1258 95
2901 189 -6
2239 2725 32
1178 2421 -12
1287 1208 -30
1605 1490 19
2407 1253 56
1785 583 -143
2799 1362 -66
735 219 114
2599 608 14
2914 212 122
2327 1492 -149
1898 2271 -92
2552 1217 -138
693 89 -64
296 2268 -8
1737 745 -147
825 2647 37
2643 2907 -49
546 1039 -12
2020 2431 -91
525 2845 66
1774 2056 122
1736 1008 -9
132 2358 -144
4 2930 49
519 1868 -101
2361 1255 -77
313 362 -18
2728 2289 141
1223 2796 90
231 135 -82
1382 1250 -2
2457 601 -33
773 894 126
1883 533 -62
2436 1825 -12
24 2845 -2
2773 2758 27
358 111 100
2570 980 77
2359 1716 118
2718 777 15
2152 713 76
586 2874 -91
509 1097 -48
2242 2148 -36
620 1617 24
2781 1638 -61
2350 547 -139
1905 2981 -14
601 1316 -17
45 1167 113
1600 774 -99
2525 2080 124
2449 2086 -57
2185 1215 -125
2230 582 37
270 2962 28
2661 1612 -76
2100 1958 41
2248 2122 -50
2758 2728 42
1438 2860 27
2493 695 -113
1032 2525 -45
2221 2848 -34
2620 1091 -32
119 337 -132
2262 534 37
2694 102 114
1642 2269 -97
730 1503 6
1411 1297 52
1015 1063 117
2999 151 38
782 2454 12
912 2922 124
1091 808 -51
1277 1623 -111
1230 1589 115
2487 1728 21
2987 863 38
477 1714 -25
82 831 19
169 1647 -106
560 1752 111
1720 380 100
1339 738 -1
1005 1940 75
1482 1104 130
430 611 -108
1787 2051 30
2622 1747 146
2714 1205 106
810 515 88
1785 334 73
1476 963 126
2922 2707 116
2627 425 -98
1975 2530 113
1096 2016 -55
1251 1807 -103
2547 1452 134
2535 594 -140
36 1047 107
278 1958 46
299 2422 -113
808 52 91
576 1924 108
2946 2958 -13
1627 2831 129
1637 100 109
1750 1654 -97
2827 2979 -39
1838 2081 -142
221 697 63
206 929 51
1816 2194 -138
1675 1971 80
1683 2966 106
2609 2466 -59
395 184 -94
332 866 -116
463 2913 86
1360 2166 22
1260 1883 116
706 1946 -58
346 2670 -66
1069 378 88
1884 1359 128
1030 921 40
93 1444 57
40 2523 -47
1150 225 -132
1969 740 5
305 526 63
1979 1966 -95
209 886 -20
2643 1606 -11
1983 938 145
709 2799 45
1742 252 140
103 1855 102
1856 2445 -147
650 1789 55
1127 1447 3
1276 2265 146
1781 2803 113
1760 316 127
2533 828 -53
1444 476 -8
1535 1402 91
1786 393 -114
2944 857 -54
1496 2691 -26
2216 583 11
1976 2305 106
1098 2418 141
24 1467 -84
2495 975 44
787 2465 -139
2508 2460 -136
2495 122 98
1559 2119 -66
2373 750 -41
2093 1548 -118
2268 212 19
1127 571 -42
1750 2749 -61
977 1736 106
2465 783 55
2626 1153 45
1127 780 130
183 2347 131
2063 1544 26
440 1662 29
2698 598 -77
825 2460 80
223 2347 -115
82 423 137
2807 809 -91
111 1544 -75
2689 2205 -124
2217 856 -60
2280 650 -66
67 778 93
48 2932 -13
2598 335 -57
1980 166 141
1933 929 100
891 1693 -38
786 57 27
910 2226 -91
1264 666 -142
148 412 -66
2158 827 92
2839 1163 -96
1250 896 -128
2108 2486 103
323 1 95
2630 2094 -143
2054 2394 -142
2124 2569 93
827 201 -123
38 561 -51
1205 900 -56
636 2210 143
1477 2792 -90
2408 2775 69
1391 1139 106
1039 2173 73
2444 1827 86
395 1102 -57
22 1764 -108
1772 1008 -57
2047 831 -46
906 1467 -40
467 605 33
653 1439 -142
2929 1440 40
1886 443 103
470 610 59
1971 2471 -82
1842 2420 131
1718 1588 2
857 2865 130
2351 2102 -88
2747 72 -19
1717 1993 -106
1092 1693 82
849 1873 133
2444 856 -25
2364 1000 -72
145 53 45
747 1508 134
1136 123 -32
490 375 -139
1048 2565 -118
719 469 -13
287 2340 -133
290 321 -77
2995 906 149
2620 2056 16
955 57 61
1501 2660 -13
1738 2378 84
588 2499 -49
2115 366 82
1874 1078 0
848 993 -107
2671 1058 -67
1065 2706 -62
2204 1602 36
2643 2116 -6
2624 1115 60
1678 1336 8
1188 1782 66
1223 712 -20
1766 2042 -108
1876 1662 -31
2753 1704 -47
1322 1595 115
387 1221 104
2578 2640 -16
1694 931 56
1184 2065 -115
0 2984 52
1411 2957 107
227 1686 85
112 2231 99
1206 2401 96
959 2576 108
90 1164 75
2107 2883 127
1094 1380 118
2934 383 16
403 948 -141
2660 1273 139
1032 1223 28
739 1503 40
2463 1177 3
913 2830 -149
1998 2103 -17
1790 868 -142
448 2106 -148
1926 567 7
1977 471 80
920 1845 -59
2598 1042 -27
2066 633 28
290 311 -67
402 1869 148
226 1760 113
1646 1490 -76
2386 610 39
1813 1162 -20
437 815 72
1876 2390 105
2010 1077 -75
435 1976 -148
2529 190 67
637 323 53
994 2086 -102
2275 2541 51
1855 304 -41
1433 1260 26
1125 690 7
935 1847 133
614 428 48
2026 1640 109
2466 2565 87
2473 976 -103
2953 229 93
600 771 78
763 1188 -2
2960 968 16
360 418 101
1485 2619 -63
1696 389 -54
1119 219 88
461 1295 -93
90 747 74
284 2525 42
110 197 105
1112 856 -130
2231 2034 21
438 2656 86
1469 1924 -72
2802 1652 80
1925 2380 -99
137 1867 -62
1831 2684 108
2140 2887 -77
2559 959 -130
2676 2140 -41
1860 1276 -144
328 2437 85
1139 2927 -146
2304 2368 -75
1813 1183 148
2646 2333 77
2773 1601 145
552 835 -2
2171 595 -73
1088 2467 13
2612 1474 30
628 1395 33
127 2045 -85
1990 772 -21
793 2696 11
908 716 -89
827 1497 -128
1289 772 8
999 1478 -60
642 2995 127
1854 1454 -2
2226 2994 74
2548 883 -31
1975 1670 118
98 967 -122
67 2138 139
1268 2460 0
1812 2434 25
1617 890 90
2340 2705 -143
2814 1564 -98
1682 2875 -73
1498 1051 -27
2023 260 -117
467 2770 105
297 727 100
888 2969 148
1244 2359 -56
1605 1810 -13
420 1882 -16
1387 2631 -51
380 585 -123
653 2594 88
954 2802 -118
147 371 83
312 1862 -101
2555 1685 -67
1741 1763 -32
667 1953 -63
2594 707 116
1729 482 -2
494 1571 -98
955 2144 -24
1778 1101 140
2303 1925 -9
589 270 62
1788 563 -41
1514 505 -61
2375 284 -108
397 2394 123
415 2096 -58
873 876 -106
1105 2795 93
141 1139 -139
2277 1372 -46
1682 771 29
2584 1447 -39
2999 1615 -92
2712 707 98
2454 1971 -109
1458 2925 68
964 2555 139
1207 355 -73
1341 2049 -84
426 1786 72
869 2258 50
1804 985 112
1608 1922 -101
937 12 69
91 148 -55
2425 1090 -131
1888 2795 -11
1984 1647 21
1502 1100 117
1965 1539 123
2815 2409 2
1431 2585 107
944 1535 -12
1627 2984 95
1885 1449 -55
2415 2741 -109
1019 1827 -148
2779 2343 101
1251 2096 -79
138 2306 101
413 2781 19
2286 1277 -141
2355 2435 -99
961 2380 -84
538 2113 -143
2373 2671 102
1253 2399 50
2036 2600 -92
1546 164 81
2952 1809 22
1482 2089 -104
1869 2940 -65
1805 2612 -126
2955 625 -56
388 2646 -64
1413 1796 -15
1085 2181 6
1188 716 -148
2915 2499 -133
1468 2629 116
28 1661 -124
2741 1447 19
81 2382 5
2403 749 -91
2168 2545 45
1167 1270 -86
1925 202 -95
628 1255 -70
2341 813 -28
1027 903 -36
986 1365 118
2616 1218 -54
1163 1879 22
2843 2807 126
2017 1180 69
1536 458 -22
1274 1835 -114
958 1899 42
921 2340 86
43 1493 -71
828 94 -2
1943 496 67
1085 2403 -76
1685 711 -54
354 942 0
2150 866 84
398 2500 -116
685 1693 124
621 1248 125
1043 103 66
2723 1285 62
117 1084 57
966 104 -131
2065 1372 -60
87 2715 43
2621 2842 99
158 148 -20
1496 693 117
1683 1460 -144
415 2714 -61
725 2200 72
2249 2817 -113
358 379 36
2475 2724 -87
1517 1282 90
2501 2235 23
947 1006 -67
1243 2338 -57
639 1094 -81
253 665 90
1971 27 110
1184 491 141
940 2890 -63
2498 1223 -12
1125 1221 46
2578 1754 23
1413 98 -37
478 1212 -82
1684 2714 -69
1458 127 -1
826 892 -124
544 1755 -69
2288 384 6
635 668 60
213 2508 65
562 354 -34
115 1410 24
1092 984 48
40 424 31
702 293 -70
1901 455 28
1014 2007 149
1066 68 74
1764 1587 68
111 602 -42
2187 1942 38
372 838 83
2348 1831 -96
2659 609 67
2324 2906 39
1225 2738 69
881 1239 129
1913 154 100
2393 249 -2
1008 1934 122
2707 496 -122
1650 8 71
1483 727 55
644 158 44
2491 934 -83
2224 1986 131
901 753 26
596 728 11
1010 1480 27
1891 1491 -9
2726 2269 -113
130 2721 99
17 665 125
908 162 -74
1215 1599 -5
711 221 -87
569 2807 116
92 1882 106
2594 2324 -20
2259 33 -43
891 2022 137
757 498 -96
1920 2297 124
89 859 -79
472 869 -67
1663 1222 -33
2177 2820 -104
1464 847 74
1626 2663 42
1492 954 -99
375 1425 91
162 771 40
888 354 117
636 461 113
1106 1285 -54
640 972 15
45 2306 -107
2296 1546 -46
1484 1693 -105
2059 838 -29
296 1782 56
2042 2840 -129
94 543 -132
2379 590 81
1516 1577 67
2978 203 73
2232 2575 -40
1531 2386 47
1953 809 71
2537 743 106
1396 1786 123
434 2407 -57
952 626 69
2808 1531 107
1146 1678 -45
2330 961 20
1426 1387 -36
1705 1539 21
44 2502 20
716 1038 38
344 1439 1
988 891 -82
834 1441 106
2833 1786 -59
1363 300 30
1131 810 147
918 1316 -89
2833 2618 111
460 1135 -120
2646 2860 90
145 370 86
1110 1068 -107
2956 1701 94
254 126 96
1443 1914 37
90 2197 33
148 2130 -112
836 460 -11
1309 1568 -138
932 1001 -141
406 2804 23
1210 1965 19
818 1049 -146
718 1038 140
33 2672 103
544 2165 120
2569 739 -87
224 1456 -66
296 2658 -120
2832 25 -9
2091 2842 87
1109 389 121
1587 2377 -38
914 1662 27
706 1419 102
2612 2521 -107
2218 2144 -115
879 2521 -1
1087 1475 8
583 1946 57
2288 2925 60
320 1390 6
2354 672 -106
2879 1500 103
1309 508 39
271 580 50
941 1502 44
1157 1621 -103
466 1828 -62
764 1935 -83
920 2002 -148
1506 1913 10
2784 2064 21
2392 1012 -39
101 769 88
1774 1774 138
2456 1198 -53
709 864 -109
125 2905 18
1900 1728 -77
1403 955 40
19 680 107
1792 1726 59
1539 1981 -33
442 1979 39
1780 1265 44
2463 2013 11
1397 2361 45
2007 2156 -105
624 1056 -100
1085 2420 16
1786 2034 147
617 947 42
2296 1834 72
2048 23 16
261 1981 111
2443 245 -129
2373 2900 -103
828 2731 73
1942 1710 -13
788 2479 20
737 555 -31
1000 1997 58
1917 2202 -45
1639 629 83
596 1884 -129
2413 1603 3
2964 1695 -142
540 1245 -22
815 1860 120
2749 297 124
252 2321 -63
2835 1316 46
2548 2664 -143
2081 2580 86
670 2662 16
1463 2055 -22
1331 1861 -43
41 649 -37
1082 1619 113
1816 2610 -19
413 880 -106
847 1806 -46
2571 2500 106
2535 11 102
84 2423 113
1932 2079 -100
1616 2358 57
1909 415 30
1072 2317 -81
1272 257 40
1107 2311 143
1971 587 18
802 88 -132
1252 1977 85
1293 1716 -94
1291 771 12
2332 509 -127
1227 1205 41
183 881 -82
1604 2318 -113
1374 849 -127
915 2337 -105
177 2851 -34
377 246 -106
2162 745 91
2432 58 -4
1094 2513 -148
2505 2339 23
2847 1219 67
2145 1446 -98
797 141 90
199 9 -43
992 690 -8
79 288 0
2064 654 80
826 2852 27
2734 1620 23
1940 1959 -128
2376 2945 35
565 2826 -62
2880 526 110
1977 1200 -83
781 506 51
2568 1192 -91
1705 2694 -130
1614 2598 146
1762 767 -98
2828 1530 -142
2114 887 -64
2245 464 119
1326 1948 -63
970 455 -58
2898 2063 -25
558 914 -29
803 399 0
651 2554 -88
1908 2852 -79
243 1282 31
1474 1380 -139
2352 1641 -75
1072 1033 -91
2709 1595 -45
2204 777 0
778 2160 60
104 1716 138
1716 1756 -29
1930 2346 94
2114 2278 -83
2220 891 146
1778 89 -16
1900 357 -53
2962 982 -109
2541 1761 84
2415 2752 -118
93 2374 49
897 798 -27
725 372 -1
1557 1980 11
1988 1739 -149
1570 2411 126
452 1946 80
2636 36 75
2523 1976 -149
2724 929 28
2667 1198 91
1150 2452 100
1491 811 -53
2210 1742 28
2764 1215 149
524 442 -17
940 2112 -149
1628 2463 47
2287 0 -93
1438 2218 -12
1897 605 -139
2570 2337 90
797 2192 103
2230 865 -119
1297 1654 -74
2183 561 4
1824 1698 -90
1148 356 -51
2318 905 -40
1187 155 -55
335 1485 -129
2754 2801 65
937 1531 10
1047 981 24
1838 588 21
1016 315 -47
1331 1943 -24
2069 2452 -64
859 1686 137
1872 345 126
2901 813 132
2188 12 140
1657 2718 67
2859 2072 99
671 1168 121
606 2852 -94
2240 531 -129
673 1659 -98
1387 2021 -120
2116 847 -125
1002 2120 34
804 969 68
1538 2474 -67
200 2579 -98
1047 1044 96
1556 1270 39
2293 1196 31
2121 2972 -28
2288 2739 49
2755 184 -84
2525 975 21
2794 2385 -70
2775 1161 -71
2466 2235 140
2443 1056 -147
1339 1709 102
2323 2037 -16
2697 1491 -89
1687 997 -117
1949 926 141
848 2035 144
2658 2512 -122
1355 1771 103
448 2745 -112
2916 1855 -12
2157 196 -14
704 1318 63
2695 2154 104
618 1800 61
2932 2358 -110
1943 723 62
1906 1831 109
730 90 121
975 1274 -131
257 465 109
1450 2621 -106
1134 2274 95
2400 861 5
814 1050 -126
17 2785 -120
894 2012 -134
536 461 -99
1417 1109 -140
2638 944 -120
1603 2255 22
1487 1477 113
273 1031 -36
91 1558 -63
2462 183 98
535 397 57
2184 2444 -123
2994 2873 -9
929 993 61
1928 959 116
15 1466 -142
2058 2398 129
1188 73 -39
1980 481 -130
487 1341 41
798 1689 8
1409 950 -141
1467 425 -54
1736 1067 -135
2085 1921 -35
2215 1604 -100
1655 1019 119
2948 656 41
1178 1273 147
1338 1576 -75
1465 2829 -86
1989 1298 149
421 2039 84
1384 1215 -37
193 1842 -16
1122 925 41
2271 871 -143
100 462 40
2289 1417 118
20 1303 67
1392 32 -91
2998 2258 93
1 687 -18
1718 2668 -147
523 1797 2
1615 256 -15
2619 2343 -110
544 210 -40
2337 1012 -144
217 2068 54
2032 816 147
2146 853 78
2233 962 -128
2124 1981 125
1984 2286 146
2662 363 117
1437 155 4
2970 1663 -13
2316 1094 18
2509 2664 -24
934 806 90
2634 415 -80
1919 2526 -50
1944 2018 -111
1422 6 -103
1039 1810 -101
1432 1985 -51
535 502 114
12 1440 37
1778 2781 -101
2040 2710 -7
349 1951 -6
795 2171 138
1675 725 128
1265 2786 39
2185 1981 37
1394 2506 -141
651 1287 -132
971 1552 21
2301 387 25
2140 1091 -107
51 304 -21
2017 1855 51
1578 398 -88
2321 2011 -128
509 822 -59
953 59 -141
617 1460 100
586 1807 -49
273 1964 70
2895 1922 -46
1531 570 -68
1808 259 -53
2304 256 -3
1 143 34
2344 2828 91
1340 1957 115
372 2031 -138
955 1545 -123
2018 2687 -57
2951 1922 -40
1381 1910 -17
444 12 -64
154 2593 107
2386 1479 6
1540 282 27
566 1582 40
2713 231 -34
1158 1504 -8
1083 2552 -7
153 2474 -135
1184 2541 39
253 1676 53
1434 1782 146
1870 1255 -60
680 2360 -27
2382 1110 30
2842 1703 67
1312 170 121
729 1206 94
1084 2915 110
637 969 -82
326 1158 54
1445 452 33
2350 2138 -137
859 2561 -54
1649 2570 104
2549 806 -29
1495 1166 18
125 804 -56
1699 1642 -1
1234 1562 -42
407 1589 36
2189 2544 64
2973 2979 127
1797 540 0
1486 2996 -111
339 1928 135
1071 963 -88
2430 266 65
903 832 -88
888 2282 -146
2867 2302 70
2320 288 -91
530 2037 -85
1878 2428 92
1297 2673 -24
1810 819 -41
504 529 -98
637 2857 -45
2995 273 72
1894 2682 110
1250 2985 -83
1806 2911 106
82 2692 -94
1381 2159 80
418 2713 144
2043 2564 44
798 1694 -111
1223 2034 4
2975 2440 -132
812 2131 -131
369 2468 -119
79 2973 148
2467 2481 141
1714 2682 0
795 499 127
940 1640 -61
2416 2762 -91
1583 1591 128
2486 1353 -86
464 1933 -74
2181 2760 -101
347 2173 62
2818 2154 -43
1604 2476 -111
1293 1447 85
1895 475 0
1 763 -147
865 2088 -4
1240 2077 53
637 212 35
2708 1258 62
472 2502 -6
2406 823 140
1061 487 38
2331 1410 -99
465 2772 -149
330 794 -25
2904 1959 31
2920 938 110
727 126 -40
1332 2515 40
2479 1707 25
2667 1911 -97
1145 770 -18
1917 870 143
700 1022 -5
2150 2228 -117
2945 2740 -16
262 49 63
16 735 -118
1513 408 -118
1247 2546 2
2848 561 -13
2970 689 31
2711 2455 -56
934 417 122
1092 1714 74
1997 387 -48
686 2414 -129
2741 2781 62
2444 2259 148
353 768 -97
2921 779 77
1127 1211 -93
2639 1935 -13
2144 1159 -2
313 506 -123
827 1905 -101
872 1652 116
1418 1979 126
2183 960 -31
2955 1396 -134
422 198 -146
336 995 -96
2298 626 -1
2863 1264 28
2380 2028 76
2659 2027 -69
1206 2590 99
474 1154 92
2577 361 45
1685 359 95
858 2016 -101
1371 1952 -144
1688 2275 -145
271 2062 30
2480 1093 -80
2669 2959 120
785 2575 -19
2696 628 77
56 2283 106
567 2979 -7
2669 345 -115
67 221 41
804 2493 -35
2987 1193 -81
501 2591 106
2568 392 -112
196 1098 -84
1129 2871 14
2666 1790 68
865 1321 89
1058 2879 -79
804 2690 -76
1797 763 -101
429 1229 87
2431 2503 -50
1595 1070 122
2639 1995 -124
1640 1160 86
667 2705 -139
1888 2265 -148
1218 2506 -4
1336 2161 -21
224 833 6
2732 2999 144
2325 1174 147
1992 1756 101
1830 1724 -129
2472 718 -47
1923 2836 -88
1504 2662 118
1279 1024 77
2237 2530 149
235 1376 -140
290 36 -77
1827 1057 86
1948 2761 -62
2848 1601 -138
2613 2418 57
1452 612 132
733 2519 48
1266 250 -64
1756 1215 -113
2251 886 22
2402 1090 -109
777 481 -7
272 871 44
2304 2197 -13
2236 270 -76
552 275 88
1849 2655 100
237 2997 -143
84 385 128
735 2756 -110
2480 1604 -22
2778 747 149
1227 2535 -93
775 2762 -136
2414 1699 -71
465 2005 -106
2705 238 -144
2825 2002 -84
1933 1953 -9
595 2526 -30
880 1282 130
1998 1625 91
1765 1443 97
2928 357 -66
369 2761 114
2000 1467 -6
2792 2702 16
1250 167 104
1533 695 -77
990 2071 -126
1605 359 -24
2697 2103 11
877 2210 -80
1450 1624 -130
607 1619 24
1855 132 -106
914 1942 -134
902 1675 -72
335 2207 -5
2852 1354 109
2956 1361 108
2449 615 97
2861 384 -75
1762 2182 132
1750 872 68
662 2615 50
2050 2659 -66
1322 2822 -81
2031 903 109
1581 1881 -124
1495 197 81
1172 982 -32
1393 2547 28
743 362 4
1774 371 -79
809 819 -43
2916 1274 -97
2508 1463 -100
847 2938 -131
1828 2954 134
2659 480 -98
2927 756 137
1155 2983 -15
2100 953 -98
893 363 -11
2368 231 108
1948 1935 139
1018 428 17
2293 2704 -4
1313 2701 -109
610 1279 -9
1984 1432 107
402 2275 -100
1449 1123 67
2526 2500 -72
343 2794 107
662 626 81
538 469 -88
1410 564 -49
871 1600 121
2809 25 -115
2277 1978 76
702 1394 -25
2714 742 1
2902 173 3
324 2629 129
1059 588 65
1176 561 -3
2948 916 103
2694 627 -84
291 1359 131
587 863 5
2774 1723 51
2398 1347 49
686 1785 -64
395 1323 -66
1811 1166 -131
1388 1808 138
1573 53 147
2498 277 -112
2964 2867 -65
568 2392 -1
418 1105 6
569 655 -53
1012 2974 -126
2053 320 -122
2453 650 -58
1224 703 -127
2627 1876 141
1491 1365 36
1007 2646 -76
2049 2227 -144
705 220 90
699 1563 125
298 1240 -33
1925 1999 73
1304 2776 -65
2294 1696 52
134 1254 -101
731 2777 -96
2129 1767 142
413 1233 -130
1404 2662 -5
2535 780 -71
1237 1270 -15
953 115 -45
710 995 64
56 871 51
2525 1697 -1
60 2162 10
228 435 10
0 1030 10
1361 2278 42
2525 20 -68
39 380 122
1311 143 85
220 537 -102
2582 478 146
2689 2297 -91
879 2101 -123
1005 1472 39
2073 1341 11
1586 1369 124
1560 2359 135
846 2032 126
702 2677 74
331 1199 1
1276 2642 -98
1728 1668 6
1973 68 -23
2278 137 93
2644 2585 90
2587 908 142
217 2319 -121
1930 2077 -99
2072 363 100
2946 2435 14
2450 2099 -79
1739 2078 73
1018 252 40
2164 2038 11
2473 797 57
1191 1779 -86
2226 2649 -80
2843 787 11
2735 625 58
217 335 -19
914 320 -51
152 582 -132
1125 869 -91
1209 2905 65
2243 1877 83
460 2493 87
372 2902 115
425 1428 5
2341 2653 -96
2591 1845 0
605 1592 23
1777 2503 121
1169 557 -62
300 2697 -135
217 2322 -146
2002 2398 -87
154 411 -39
218 1417 45
194 391 -8
2150 1069 73
1902 34 -92
795 2064 126
2439 573 102
1517 499 120
2985 354 -99
2624 2035 -22
947 2752 -13
2208 2315 51
114 485 88
306 1240 -134
2517 711 -59
1464 2668 -137
2546 2074 -89
2937 420 64
2232 765 -141
1295 706 -24
2251 917 -142
352 2019 62
708 2088 68
1269 1057 146
1094 763 94
1374 2738 -106
1730 349 -7
1684 1080 -2
843 2169 33
1917 2944 -82
1579 2192 71
52 2803 125
2428 141 25
382 2911 -11
1896 255 -127
2806 1334 69
1265 683 -33
146 2774 -62
1778 807 -147
323 720 47
2660 1368 -79
2801 1770 113
2802 1069 130
789 509 -84
2366 962 -22
1878 951 37
2961 2318 37
1060 2610 56
2447 2829 33
1704 2899 139
992 2206 16
458 627 94
609 2878 149
2345 2666 55
1401 939 137
1399 1719 71
524 578 33
2554 1793 71
2395 1218 -129
1028 930 -139
234 2367 79
2475 2023 88
1377 1488 66
2938 281 -35
172 2200 34
1975 2470 50
178 1417 -46
1411 873 -116
562 197 142
2661 1878 -62
2249 2075 18
1903 1439 -47
2981 1648 -117
1823 857 -74
358 1483 -60
216 823 -27
2687 1736 30
454 2535 -128
2386 1718 12
2750 1856 66
553 705 117
1115 2098 -66
1726 1464 51
2210 438 101
20 2184 92
2799 1746 78
539 1959 40
1325 1878 -57
103 2754 145
2258 1857 69
922 704 121
89 517 124
2046 1805 -118
1103 247 -13
700 2944 149
1942 2296 91
1856 1709 52
893 175 -22
2826 147 -33
1477 1612 -53
2031 1999 -103
1470 2222 55
1942 416 116
536 654 -14
651 1385 -47
1819 2610 134
935 2570 -55
1231 1723 -73
782 694 -99
1164 303 -19
1879 951 18
812 1408 -47
2800 1894 -93
764 635 89
2520 811 -46
1294 2298 89
2955 2955 -38
610 1874 -58
2442 1188 -44
1560 2998 -148
232 1947 33
2152 10 -96
1397 615 -4
2611 1537 -84
215 1140 -67
2695 232 17
868 2137 123
807 848 -121
1418 2090 79
2032 1872 -87
1695 1487 -107
285 1784 144
2841 979 67
1467 655 51
1943 869 -25
2734 294 -73
1606 1698 102
1451 875 -17
2389 1065 148
1348 1904 -116
2585 1262 148
2903 2641 36
2994 2288 89
1991 193 -139
2892 1515 31
2081 1589 -52
1927 2287 -118
992 1207 35
584 2615 54
674 132 19
2430 899 87
2849 543 -21
149 1814 149
1595 2100 -12
2142 224 113
2642 2454 146
213 1029 132
612 2290 28
201 1804 -23
44 865 3
1792 1233 -101
1752 1410 -105
1105 1475 -83
1577 2854 -64
2696 559 102
2014 258 -60
806 172 -146
241 1360 -120
2086 2781 36
312 1734 20
504 1778 -75
845 2365 -132
1802 1327 -11
1799 1091 37
818 2003 -13
799 2442 86
301 226 -79
1196 2040 -49
1036 2164 55
1583 1629 131
1609 1820 -60
2119 2599 -106
1823 130 -67
2702 1977 -18
23 241 28
2482 2207 140
1476 2033 30
1158 1500 134
2208 2126 26
2287 37 70
20 751 -99
2935 580 -111
2452 2560 36
1717 2101 -18
2376 2617 -51
2634 284 88
1068 1861 44
1773 1109 -106
2617 132 133
2337 2778 130
2490 2985 -68
2834 1801 83
2136 1212 5
700 1804 -97
1135 1545 72
2748 1503 -101
2903 2367 138
516 853 0
1195 1450 -75
467 1835 20
1165 2714 123
1043 2259 54
2736 1458 -123
841 123 45
1709 1386 73
1169 2764 34
2095 653 -120
711 179 110
718 1851 -76
1439 371 -12
2672 2552 -21
1310 2785 71
1411 1483 87
1222 1455 23
564 961 -102
1287 330 122
828 951 -125
1200 1307 112
1125 2307 29
106 2825 104
2465 20 19
534 2550 79
2060 2501 -46
2377 1158 149
2837 1407 122
959 1915 55
289 2804 -83
1645 492 21
1104 2420 -34
1886 2425 -21
2278 307 85
1559 1056 45
403 209 -42
2883 1331 -148
900 1953 78
1968 1784 -63
640 475 -69
2456 1136 127
763 938 110
1409 1864 -81
958 2183 -136
997 299 -54
1308 2500 -117
2578 1150 -41
2695 2809 87
1419 1955 -99
1370 322 149
2357 2639 -142
780 1751 -109
1020 1851 -28
2339 2555 -139
1676 2719 8
1903 2110 -55
1575 2370 10
963 2219 107
1069 2883 65
695 1635 78
2136 700 -49
2201 2528 113
852 1137 -23
2975 1434 -103
2421 85 -111
22 221 97
601 2550 -64
535 2689 -146
1153 540 21
1340 1425 145
1628 1198 19
2471 2901 -76
380 2021 42
1268 1752 -68
471 1342 -63
514 2067 -92
344 2980 19
1286 2856 82
1756 1212 140
2424 1463 -53
805 776 81
2036 837 -149
593 2645 86
322 1287 -103
1908 149 -128
1415 492 -129
2610 405 -115
2249 2441 -113
2742 703 51
1671 2794 88
575 826 3
30 935 125
2205 2853 139
573 1604 -13
2264 520 -133
603 1681 -11
2633 835 14
595 1848 -109
2487 164 7
2183 426 19
2828 1118 -85
1458 298 23
1485 1677 -75
2756 1936 -128
1918 419 53
546 752 61
259 1461 148
708 776 -115
224 414 20
1845 1509 134
1202 51 -10
1454 2255 17
123 1918 -97
2268 624 -116
1586 196 33
773 1601 -61
2073 431 141
1519 2773 -147
2038 1964 -149
1593 516 90
1778 1782 -95
1119 1882 -137
21 1065 42
2163 1813 -78
1216 608 -136
1343 690 135
1777 1719 45
1307 2201 -146
2802 602 88
237 76 41
579 212 -115
900 1692 131
2188 1529 -98
493 2228 65
899 2836 22
2814 2388 -28
1580 1025 -123
1534 1592 -75
2204 2301 113
2858 350 90
917 529 -31
153 1884 -109
2813 516 -29
1106 1455 -1
2887 1077 107
1536 340 -22
1000 1604 -75
453 1964 -16
1563 1394 42
2124 1056 -30
1854 1477 106
1021 1145 73
2195 1533 -118
2013 370 -23
1536 450 125
2412 76 -27
2911 1891 98
981 209 31
1519 1352 3
409 2266 -24
673 385 -77
2348 1329 -96
2539 2077 -15
1007 2295 -66
2976 468 -22
1612 2103 -123
1766 1989 -87
733 993 -108
2647 2305 -92
702 2393 -110
2897 942 -120
2054 294 117
2935 1789 29
1682 1867 -75
2717 2453 -57
2930 1568 -37
608 2718 -103
10 642 -99
963 486 140
450 1415 1
1355 1503 -41
2934 1995 78
1188 1790 79
2319 1062 30
1273 958 -95
1056 1684 32
1016 2059 28
1866 1228 -87
1804 1704 69
2192 1513 67
385 2498 15
1996 1147 -47
2524 1882 -107
168 727 -55
1729 303 101
822 1971 -8
2474 2169 -66
1521 579 -114
2982 1983 -64
1065 2328 -21
2864 2490 -141
1219 347 -1
1004 0 110
2847 2414 13
1022 2195 -59
600 1883 100
2579 2711 -118
1783 1403 11
2565 2303 45
160 2184 33
371 152 -102
2316 2460 -106
1495 1988 98
885 248 -45
1934 2752 -76
109 1845 62
2524 1519 -140
1184 943 -83
589 2510 62
1845 1308 -60
1405 1741 25
2145 1562 80
505 2236 24
1620 886 17
332 556 72
2633 1694 56
2579 505 81
1434 2760 128
1193 1863 122
2691 1313 23
907 2666 -112
1666 127 19
2509 276 -108
2325 2342 -118
1652 2787 -11
92 215 17
1458 441 -95
2147 52 33
1989 1834 125
2449 230 23
504 1297 -143
2156 2624 -42
1352 219 -107
1370 1369 77
2728 1546 -123
1681 2933 81
222 1444 40
2177 2997 -39
692 1914 10
1868 1570 24
2152 2113 102
669 2822 48
1996 236 78
310 1708 71
1006 416 -27
368 986 -36
145 870 98
679 1886 83
1914 2765 117
1164 702 8
2645 1478 -85
2289 2191 -2
2974 886 -8
856 2431 -136
2327 2895 106
1189 35 -78
968 2919 -65
1343 1969 -11
1755 1224 114
491 2799 -148
2380 2206 -36
2784 323 -27
935 932 125
2236 2848 112
2802 767 -97
1470 2720 -86
2566 1410 -9
2026 1244 105
946 944 -49
609 789 -144
2057 605 131
278 1223 60
1831 486 -142
2426 1577 85
1551 1883 -68
2625 2142 24
552 116 -46
2562 255 70
2707 1290 -79
2778 2191 -138
935 930 67
1330 1301 -133
1573 2246 81
2789 406 103
2773 2955 -146
187 2280 93
2599 43 29
513 312 -17
618 476 131
1918 717 -30
2657 2776 79
1336 2010 -8
113 907 146
1109 952 55
1372 2904 -133
338 514 11
849 1877 -82
1167 479 84
1290 506 99
1857 2068 -33
236 870 -113
2727 495 113
1362 1593 14
1885 557 -41
1523 939 43
2668 77 40
120 2148 106
2560 754 9
1503 954 93
521 1197 57
2530 47 -141
98 265 -137
2232 1080 -93
21 365 -73
1259 2630 -86
894 310 110
1969 2489 -85
747 2178 -4
1067 1952 18
2 598 -16
193 1538 71
2907 1497 27
1444 329 -46
1385 1110 117
314 1017 29
1974 1390 -129
2094 2677 59
2396 2044 39
621 163 72
1549 2456 -104
2874 2603 139
644 60 2
219 1532 92
617 1154 47
2121 1039 19
625 459 -104
356 322 -129
2483 129 99
1445 2262 -88
284 1431 10
2754 241 -12
1332 2852 113
126 1836 110
879 2532 -136
1703 2830 -53
1790 398 12
2446 1096 76
2771 2095 -76
2922 2567 -134
856 1165 122
1013 1086 33
2360 1781 -49
1125 2953 -112
2629 1046 -34
1860 1811 -143
344 1220 93
1648 2384 -131
236 446 -131
1076 1484 -99
2116 2560 32
782 1938 -9
1168 1689 32
1367 629 -118
1556 2110 -80
2326 2547 79
1832 1805 -47
1613 2709 -107
2201 1819 97
226 1481 29
191 1471 -145
40 688 71
1270 1597 28
203 824 129
549 1724 40
2007 1891 98
2289 1112 -65
1010 726 109
1723 440 52
2413 2107 13
1894 881 0
1296 271 -5
1834 1281 17
179 2141 -119
1524 1749 47
2541 1569 -128
2403 940 72
1185 2222 30
916 2530 -4
244 2088 26
447 854 96
1368 1019 77
2200 2484 -58
692 1050 39
880 916 -104
745 1817 -147
1065 2872 -35
383 1228 -82
1229 1954 -149
582 2533 -118
319 1828 75
261 1497 -119
112 2910 130
2415 2124 -99
2220 2140 132
1977 2321 2
2027 2621 -90
2453 1907 -95
1032 2661 130
2746 151 52
1141 2763 -77
1906 895 105
965 2860 -20
2219 1216 -7
1769 2031 23
2078 349 -34
2964 695 -146
803 698 47
551 684 94
2931 258 -134
269 161 -68
1228 2746 -10
696 1423 127
712 2747 -39
2586 2474 35
2247 347 36
2468 1711 70
1056 1861 122
1875 4 -3
1820 189 -30
590 639 4
2540 1973 -81
682 1606 -121
2358 219 124
334 718 -6
84 1800 -148
303 715 6
972 2274 -92
1317 1815 64
2209 347 -63
2813 1603 29
2344 1416 27
1133 639 -39
1204 2387 15
2922 384 -135
1587 2714 -149
1981 2221 25
991 406 -123
617 2737 114
806 2724 96
927 2548 -146
1842 383 132
643 770 121
497 1668 -107
2301 1426 -24
2622 1900 41
2744 648 -31
1574 2678 10
790 812 -17
277 1994 -99
922 2928 -66
2767 2743 15
541 366 14
1767 2030 -56
226 1576 -69
2643 493 -123
2177 398 -25
2557 1182 -112
760 980 20
2548 301 -28
2741 1809 -148
2017 1445 46
1334 1826 -132
2394 1371 142
249 2108 122
819 1585 -31
1236 2413 98
1760 1613 75
1022 1588 123
660 312 -128
420 2532 -18
1213 2191 -1
2317 2573 85
1430 1061 148
1974 1779 -13
179 1703 -95
583 133 -41
1609 2942 -46
2380 199 -100
339 2353 39
165 25 60
1454 681 42
1142 766 47
2582 2507 47
96 2710 130
2007 1633 86
1655 2628 56
245 2633 -124
1194 760 70
1348 1732 -117
989 822 90
2368 2481 -50
1386 1413 -75
1926 664 102
2300 986 -123
1330 95 -91
2578 442 114
1494 184 34
2306 1299 143
1634 761 -80
2516 1940 120
1598 1994 26
2075 504 146
1618 1483 -71
2807 31 -110
1743 524 -77
1430 1077 112
2171 2931 -134
2862 2818 -60
1184 1569 31
1892 2016 -24
901 2221 -133
1913 1856 -3
2332 2384 8
2008 173 108
2699 2559 -137
2881 1406 88
539 2012 147
1672 2417 82
2828 253 -138
1239 1075 -95
2967 2148 56
0 665 135
2562 2429 -20
1572 130 -83
2680 2699 -125
2879 2738 -72
1742 204 -36
441 913 -63
743 2416 -82
2142 466 23
2873 238 119
2479 2549 -50
1086 686 93
2055 773 47
452 1144 2
719 195 -89
989 700 -46
1251 2321 21
2367 1968 16
1458 2519 -35
1861 2014 -120
290 985 -21
2156 2130 84
1354 2343 96
423 2800 -40
222 1572 72
2708 2748 -61
1446 1728 -71
1109 1401 64
215 1598 134
752 2435 -108
865 847 51
1927 660 -57
1191 1397 142
2025 691 96
1618 0 -70
1791 2784 -9
2311 1972 -45
2064 2009 67
1156 2793 -139
1613 1209 1
1143 570 105
1837 2891 -40
1767 2687 15
98 619 74
296 764 7
74 790 118
140 2103 57
2216 2357 15
1373 397 -124
360 2126 -119
228 1741 148
1150 2739 59
740 764 146
0 1929 -52
2808 760 -143
2472 2929 -116
1953 2853 89
1275 387 144
113 2483 -98
1228 1726 101
2755 1061 128
1913 25 -42
1160 1883 54
1741 1734 95
1035 442 27
117 2649 140
2614 295 124
2771 2382 112
764 2343 112
1886 2128 -46
2812 1890 77
2312 330 -53
1548 2499 -91
654 2570 2
1468 1626 -36
1451 721 93
2735 1131 93
2382 269 -128
2389 2028 35
2936 1423 126
1500 1730 -24
351 21 85
954 2293 121
2333 2441 -122
2948 1775 -97
2793 1696 -48
1362 2145 26
2525 1700 129
441 1670 -77
526 858 14
2968 2942 123
1408 1221 -15
460 1229 -133
2208 2105 -19
444 689 42
2919 832 -132
2469 1919 -92
1502 2617 -10
111 287 -61
132 2956 96
710 1275 39
2873 872 131
730 940 45
2887 1709 -146
527 677 -48
988 2586 -97
366 1406 9
354 2224 -45
74 2763 143
503 2661 -112
2788 2474 137
893 2362 -39
1567 1209 21
2162 1965 74
1493 445 -68
385 2352 137
848 1908 11
199 1512 148
1570 2772 -149
1559 343 54
1854 1681 -104
2591 1706 -131
2565 2379 111
1929 1348 -149
1569 2989 -67
763 2753 -50
37 2072 131
2975 2188 8
1963 254 21
2307 442 -99
1196 2016 133
386 204 -19
2317 2656 -114
922 857 34
2460 1751 -10
1084 809 -24
551 2225 29
1967 2555 34
2317 1300 -23
2853 592 -56
786 316 88
2332 2046 -11
2423 2018 84
2367 406 31
1280 2256 33
1226 1574 96
165 1703 -11
1585 936 146
2914 1817 38
346 993 -77
1287 2143 95
2622 91 -87
2896 772 -6
133 2548 -55
2758 297 -14
767 340 -31
484 767 67
2707 1587 -7
1027 2768 -40
2419 1729 53
2455 2334 -33
1662 1971 -104
1191 1754 142
1045 1357 -75
1825 1374 -103
1391 2162 -64
2859 827 -142
182 1862 -113
1555 1333 -36
2719 2789 125
2641 578 -112
694 57 -102
2039 446 -132
999 1272 -135
80 394 -61
2102 251 -147
342 2992 -46
2671 2160 78
1522 2105 -50
447 2657 127
2849 2392 14
2362 452 131
2065 2068 33
691 2641 52
271 2601 -2
1511 230 29
2100 1503 -1
738 126 -86
2444 1682 131
704 1917 -37
1966 1584 -37
1997 686 107
879 2815 47
1462 1286 -129
1183 1541 40
2622 1878 8
2402 853 -8
178 1869 -80
480 2976 107
693 564 8
477 2122 136
2140 2672 147
2890 1281 -11
387 2315 -78
306 810 43
1399 187 44
2382 2643 -100
610 129 -143
1689 1074 -128
2626 340 -114
653 692 -3
482 2980 122
820 1055 7
2143 2735 34
1992 2049 149
1812 687 -145
2684 1823 90
2623 1065 129
1912 2271 40
49 1704 126
1385 390 -96
114 361 -82
942 1026 -59
1755 293 132
2708 2121 -47
835 1233 90
2724 1112 11
2627 1 94
520 1981 -32
2177 2825 -12
2409 1702 143
592 1146 -133
2556 2016 14
2358 2748 123
919 2681 -38
2213 62 26
1289 2062 -38
2427 1871 115
1880 2037 -72
1171 1504 132
1793 2924 47
217 1960 -63
1876 2737 38
1969 367 27
2301 1695 -85
1585 1691 82
2388 896 25
962 1230 -123
837 1861 -25
2363 1902 148
280 1871 0
1982 772 58
242 314 -31
65 229 3
2275 133 -4
2671 2476 -21
1879 1371 35
1445 1894 9
901 2045 -89
1573 653 -77
2115 2414 106
518 2109 -114
967 2277 -66
2929 2074 83
2191 1903 -122
2269 2632 51
1282 1050 -10
1149 66 5
2157 2323 119
677 404 -74
128 617 -12
1529 72 91
822 431 21
341 1565 -85
280 1742 40
2886 2283 48
994 1969 84
48 168 81
1804 1343 133
1421 2966 97
899 837 107
2861 2355 14
1294 2577 -132
816 1792 146
1489 2344 2
1990 907 -108
1053 945 42
1791 2237 66
1094 991 -63
2651 116 -48
36 843 62
204 2065 -15
1123 2808 136
327 2339 2
707 741 128
2215 1811 -134
1624 2439 63
1001 2406 104
2066 1660 -97
241 1487 59
2383 1785 -39
348 1402 -66
748 421 20
2195 65 -76
1016 20 -36
1895 1539 -122
417 2516 -112
511 1192 81
69 2531 -86
2196 1478 -95
1098 1968 56
702 1128 45
2110 2405 104
243 2738 -119
736 428 104
295 2997 79
2061 903 78
2479 2937 108
1828 2966 -125
93 1270 -146
59 1868 64
583 1978 133
1216 2778 -46
1568 2703 102
16 819 -38
269 826 148
2251 2134 -131
2426 2053 30
1021 1280 -68
450 1917 59
1823 319 -33
234 2325 83
1901 1336 -98
1031 2177 115
2526 1186 49
451 2947 -50
2543 2809 -91
773 2194 102
375 1564 -136
1590 1558 100
1764 1271 -63
1389 2470 148
1821 2505 127
2315 642 -23
1406 991 -2
2407 2897 -24
2464 927 -17
931 84 -37
1662 110 -27
197 169 -14
2688 2003 136
855 809 19
1708 1426 -25
2904 1330 -57
2992 890 -75
409 798 82
1730 335 -114
2705 418 -32
1384 192 -27
609 800 129
2624 2082 -125
2744 1245 78
1409 2764 -71
1641 1275 -51
184 1865 -131
1624 2345 149
780 1721 -66
40 1182 58
2107 223 24
2568 378 -103
1243 924 134
170 1845 1
249 1611 -97
2290 2758 -18
2061 1996 0
1005 2277 -63
1955 713 20
2479 2681 105
1796 2884 -41
236 283 -9
228 623 136
272 1217 66
2186 794 97
1591 2548 -111
2746 785 80
2742 1251 -131
686 451 -87
471 1045 -81
2737 1780 48
297 962 -44
2195 2491 82
278 2979 25
832 2733 68
1012 238 102
2376 1801 93
1972 2571 -8
168 794 -140
1254 2218 -28
2368 1296 7
1474 2234 -88
2179 2151 52
2713 1707 81
1803 2638 -138
2994 286 126
994 1441 -24
1261 2655 -97
138 2711 143
2820 2194 4
2997 1765 -6
2125 2403 87
286 2570 59
1722 2292 -27
230 2865 -21
1832 395 -43
944 1146 -123
2811 1953 -84
2878 137 -81
2457 1356 63
1153 501 -130
2034 1910 -143
205 42 -128
1639 2540 -46
234 2535 17
2408 824 130
1116 889 49
2916 1744 58
44 2935 -120
1740 1908 -12
1790 2012 -110
1584 1412 -143
2609 2416 -71
2033 1567 22
2929 247 -25
566 725 32
2680 208 102
1808 1575 85
1169 1415 130
2965 2009 -95
139 692 74
2736 1391 -107
1469 2266 -15
935 1677 -116
1788 2488 107
2668 1573 -80
1838 1723 -51
774 549 106
979 2331 16
2261 254 -146
2038 601 12
480 1959 15
2944 544 -142
2378 1856 26
2838 1777 134
2161 1999 -115
2126 2596 -82
1046 1798 -135
2950 206 53
1585 75 -108
1269 2206 118
1226 518 -26
1520 175 -109
1744 7 124
54 657 -47
2461 878 148
1060 1168 -147
1024 48 116
2658 1675 140
2658 1177 70
12 2191 -47
530 901 -90
850 977 44
1034 1333 132
73 2639 -47
343 352 -66
1856 1448 -136
1052 2360 130
1291 623 144
2224 1529 45
2915 852 -28
219 1917 -41
2700 2835 -24
2173 2906 145
1149 2619 -89
2480 2346 142
1108 1873 122
1225 2187 42
888 1714 -12
2706 1365 0
733 1108 147
2379 846 43
1835 1654 -107
1404 2865 106
2295 1939 -55
1093 1083 62
1793 1756 117
270 1165 -47
2044 2339 36
2983 2524 125
2593 312 -42
522 324 127
693 1655 129
2084 1945 24
2894 304 72
1224 716 40
1746 774 -20
2708 1741 83
1576 2185 -15
153 115 84
1757 684 69
1847 181 21
2536 1519 -111
199 2636 44
1798 1262 22
431 1279 97
319 0 73
2850 1614 -17
951 754 -90
493 415 139
142 2393 59
2363 757 -70
2704 1947 -101
962 1139 -22
2598 783 122
2323 1645 147
1051 1961 -83
1062 1488 -35
144 1751 -16
1740 1125 -10
49 2110 142
2572 2466 -69
1270 1389 -140
1679 712 80
2682 232 144
755 2454 -139
2055 479 126
1051 1005 -106
424 325 70
925 2458 42
2269 274 94
251 2303 56
2939 2561 -110
2235 2819 113
698 603 149
2711 877 -119
2269 2 -4
382 2693 -15
1542 726 -114
537 1123 -9
2303 2308 -94
2326 2301 -114
1441 441 107
65 1901 35
2801 2683 -132
2462 1033 57
2110 1633 113
1960 1090 43
29 1127 45
1245 1070 -135
2429 2915 65
1615 2222 147
547 674 -1
1917 2488 26
2543 948 102
640 805 57
149 1811 10
1207 2276 131
2189 776 6
795 198 -8
1347 1950 115
124 2816 -19
2256 1453 10
2090 1621 21
1543 680 -118
1820 289 111
1953 376 -93
2269 871 105
586 2247 -40
1154 1227 -74
137 1069 28
2517 2568 148
1636 1191 64
2853 2156 129
338 1130 -26
2555 2799 -7
727 1669 -7
2775 376 -75
1459 477 33
361 2896 71
2395 2862 -76
305 2909 71
734 1288 78
639 2920 135
242 1687 -63
2915 2671 -88
1733 1259 -14
1151 1836 100
1564 1046 27
2568 1028 92
2080 233 34
969 224 20
1451 535 74
2199 2432 -107
2855 1528 -97
414 2299 -105
272 1928 148
194 1208 26
1389 109 47
2615 1081 -114
2451 117 -114
1410 2963 53
194 533 67
2838 1415 123
1886 1058 -138
736 2595 -42
455 964 -82
1347 2146 -30
2417 2095 -14
1029 1784 99
2197 2353 66
1504 2063 -55
2086 2054 94
369 1085 5
2381 2143 -76
1628 1451 -19
2070 270 82
1463 95 -47
160 1595 144
490 2267 37
633 1595 -99
1198 2252 33
2351 1356 24
2083 2316 38
904 2506 13
280 1616 84
2156 2773 6
1271 2803 -51
1830 961 130
1790 121 18
326 1844 44
1031 2973 40
2034 267 -77
280 1979 42
264 694 101
2476 1895 -48
2757 2567 0
1105 468 -15
577 1751 145
2952 1406 -12
1577 2082 70
2120 2801 -127
2180 766 15
2435 519 -40
1342 2591 -16
335 1214 96
2689 1518 -94
2790 2511 -5
2967 2845 57
2919 376 -48
1912 997 60
2171 795 60
290 1344 144
1529 2333 112
1788 415 80
1882 2168 105
1947 2750 -1
2029 2753 110
1709 1691 -73
2637 1827 -69
384 1434 -51
2966 2410 16
84 2084 36
1259 2009 91
1805 123 -66
123 893 121
1434 1288 96
1943 2471 -130
1185 605 34
2854 2318 56
1793 2995 99
1650 2042 -65
910 1822 24
2408 42 32
2728 756 62
899 2496 -2
332 1897 62
2562 376 122
2977 2150 -82
1405 1564 -139
2404 1069 -126
2948 826 -35
2542 1967 -97
705 1884 147
241 951 -94
153 1815 -122
1246 2220 71
646 781 128
1746 1690 24
1040 388 -128
2372 321 -31
1559 372 -120
1176 1005 -129
2619 2389 -42
1983 2637 125
581 2887 93
1469 804 -147
2371 2784 80
2026 1587 -4
1287 1609 31
2642 1596 -60
2345 1529 109
2421 968 -46
1416 2288 29
119 2667 -82
557 2589 -109
2393 1363 -78
641 458 -136
1526 629 67
2713 1651 -107
1335 2615 -76
753 74 -13
87 1831 -138
679 1293 99
368 314 -140
2603 534 40
188 838 71
1734 82 -141
2509 273 -112
1888 84 -71
2774 448 -82
1975 367 -146
2695 705 117
2015 367 30
1373 561 -119
109 2672 25
1111 6 -45
2507 837 7
963 2502 -90
616 1499 -149
127 167 145
1484 1004 27
1064 660 -12
1240 1180 -101
550 478 -20
2300 839 -85
2142 1809 93
1695 1057 -84
2263 2091 29
1707 1868 116
2093 2673 31
2918 2118 -128
2313 2650 26
1578 2273 54
2183 2785 79
1238 1393 18
2247 1543 57
2611 1673 99
2837 1895 -7
2168 447 -111
433 2616 7
350 1075 -141
1735 2678 -79
964 2307 -25
1000 2114 81
1052 2810 74
447 757 -33
2868 573 -126
1789 2233 -47
1551 93 -111
221 569 -29
2521 352 -118
289 2763 -34
47 1887 -94
2155 989 92
1668 1353 41
733 1029 42
2045 1927 57
681 136 -124
1950 1990 -34
658 1748 -3
2074 2192 69
1274 2686 89
2072 1163 47
1001 1061 103
1392 625 89
2164 1588 17
522 1670 102
963 1692 116
1008 534 134
2354 1776 -38
1046 2756 -110
2106 2751 -74
2313 2683 149
1797 2806 97
2670 289 -143
1373 819 -10
2646 399 148
1566 2251 144
1256 1938 53
2335 2589 -85
1455 2581 80
1484 964 -33
1216 1957 81
599 2649 -75
22 2956 -58
2851 703 -84
2758 1895 -23
1056 1662 76
1163 1248 -4
1442 1536 -13
2986 1772 -119
1666 70 49
2023 2893 39
2467 1324 93
2534 2329 105
1486 121 124
707 2826 -78
2734 1897 -20
427 1741 61
372 35 103
1537 1579 123
1213 1370 0
2802 858 80
311 2488 131
2521 140 5
2432 1486 -123
684 391 74
2136 2094 -20
845 828 77
969 2930 85
170 617 -49
1070 114 -42
2501 535 -108
2153 2041 -35
1596 396 -32
2379 1632 -137
2386 2210 113
2624 458 41
636 2886 -55
2608 1647 -143
165 33 120
1128 433 127
1163 715 -130
839 1866 -35
1832 2203 71
1913 2475 96
2970 2464 -80
2319 2102 39
35 1340 -12
829 1366 -6
314 1452 -137
1795 1610 68
1480 273 122
1884 1334 -43
563 833 -99
2138 1097 -47
1255 679 -51
576 2840 141
2672 2695 114
1375 1978 62
2625 2099 -137
1826 2985 -58
1968 2688 43
2082 311 88
2431 1185 103
1466 1223 -5
2789 1516 64
948 1984 -36
1419 1576 3
1410 678 112
2736 1173 149
942 489 -127
2565 2980 149
2674 483 15
1609 1667 -79
2265 406 -64
2478 2050 -71
2548 564 -98
2507 1184 -132
1822 277 -101
2888 399 72
2153 884 111
2077 1116 40
550 2922 -97
1347 1080 13
1769 2090 85
2689 2530 109
2674 1084 87
2025 226 -115
1702 1291 2
1760 815 -56
643 2742 90
2266 2906 -71
840 770 -64
2083 2001 -125
923 2222 -39
1527 461 -27
2361 1934 -95
923 2396 38
393 209 24
865 2056 -4
2145 2251 -135
2648 2606 81
376 2764 130
2642 2320 67
2786 2574 33
2756 1707 -43
1264 963 -88
1242 434 -2
1077 2245 85
40 1801 52
849 2684 -45
778 1467 14
410 1108 -35
1381 349 -148
958 12 -8
1652 2696 84
106 1760 -112
1612 259 120
471 1255 -41
2576 2782 -90
2976 494 142
2846 1064 -140
1261 660 -55
279 1482 -75
483 2476 89
107 1634 74
1449 2118 147
531 2362 -6
1772 2526 -71
893 118 -112
2036 1347 -121
1004 2577 -24
1301 2833 -108
2269 1496 95
1999 2208 104
1372 2517 0
1167 1362 30
1196 453 -113
2156 2809 -73
1634 2051 -72
434 2639 -56
931 1163 2
954 2828 39
2985 240 116
1536 2692 64
819 2231 -103
1339 1150 119
138 121 149
65 534 42
2924 2405 142
2385 1116 105
188 1044 -101
871 1339 29
2056 59 145
1083 770 -140
178 2756 -124
922 2991 134
472 1437 -132
2212 2271 131
2725 2583 -84
2172 191 -70
1597 296 -80
1428 1438 143
2348 1138 93
1814 312 87
496 459 49
900 861 -83
2034 2267 -142
752 735 -141
1825 984 69
28 1752 -40
1168 2365 -26
324 2170 149
843 2118 -59
455 2517 -118
1485 718 120
2003 293 115
1821 842 -65
2781 2378 16
316 1052 114
1116 2534 11
2521 280 35
1200 2705 -69
1605 2474 44
1323 1480 -31
1288 878 81
1895 2346 -149
2706 1726 44
1631 202 -33
2770 1256 -10
1532 1488 -109
2851 2590 -18
730 1584 -93
2162 12 -18
2424 2986 110
2641 2669 51
388 1112 70
2455 2574 -105
1861 763 -101
1910 2569 88
1015 886 -68
307 612 -84
2202 528 -21
586 2608 56
219 1494 -131
2135 1746 -15
674 1256 17
2558 1829 -71
1978 800 -26
980 1798 -112
837 198 99
2236 951 93
197 2414 101
2067 2732 -109
771 2296 116
1108 2305 43
804 1343 -67
2668 370 -108
1551 1891 -33
1911 90 110
2545 535 -5
2666 1405 -84
497 2275 100
1191 613 4
2684 1827 -124
1716 2345 -88
578 1799 138
2163 2169 -10
2727 121 127
1044 1691 -54
2739 1418 96
1975 2353 -44
2123 165 -27
2003 1721 3
1229 1177 119
169 1476 71
520 1500 -70
473 2895 30
2466 1083 136
484 1805 -28
935 1635 -28
2961 2411 118
2361 2419 104
1104 1283 60
2779 832 66
922 842 74
2420 2159 -129
2439 2233 -76
2482 2046 -53
2326 1848 -19
1373 1212 126
1769 2078 136
136 1877 36
2286 1266 -79
427 903 -70
1255 1350 -17
2204 1343 83
1923 1142 80
2977 612 15
1659 1333 -96
2535 995 24
1389 889 41
1855 1634 116
2508 2850 123
547 1765 -74
39 1855 -2
965 2740 -136
198 433 33
233 2842 -33
984 2413 113
1382 1271 -46
2239 2110 101
1577 687 93
658 2297 -79
2906 2546 -131
2738 512 143
29 1442 -56
982 456 -90
1466 1336 62
111 723 -36
2829 1015 -126
2156 1694 122
2911 2583 79
2560 387 29
803 1651 -59
527 1385 -142
2410 2412 -107
789 263 19
1992 1020 -36
2142 2253 5
1941 1003 -89
1407 1627 53
2980 1390 -117
2388 15 -92
527 915 -99
791 2524 -83
1993 574 58
2080 398 76
2730 1487 107
1647 711 1
2759 2945 -8
2795 612 -126
1744 861 14
2103 1440 49
1072 1845 3
2432 1768 18
792 2617 -65
2113 2870 16
421 1902 57
1143 1655 -99
2229 2097 -15
172 2005 48
1550 2137 54
1056 453 46
1023 2275 -146
1796 2250 -133
556 979 44
2517 1376 -145
2230 74 27
303 1586 -68
1521 1282 52
1503 2988 -92
1789 2707 148
2152 1282 89
534 1962 -36
167 2151 133
76 1533 -11
799 71 -118
396 248 46
1254 661 -98
2076 2691 -132
2029 773 -85
1570 2929 -144
1804 340 78
1870 2355 -140
588 795 -135
1660 2299 -126
947 673 15
2876 1905 77
2740 1285 93
889 2866 -137
765 1055 -29
29 716 24
831 1776 76
1811 67 -137
1153 742 -33
259 2327 -60
2988 129 -123
2794 284 74
1384 1321 -17
511 2160 -81
79 781 58
960 17 -50
1437 2965 131
611 1764 -76
1174 2225 -98
901 831 69
2623 1376 26
1591 2528 105
2812 2490 -122
1459 1675 -26
2689 2494 148
91 2392 96
1393 2317 -44
2371 218 -45
138 1213 -61
2618 1794 -77
974 1871 -115
509 170 -66
1564 1626 79
1940 2683 117
1901 2526 62
1139 2223 -132
1512 1969 -40
1954 2231 -39
2134 1269 109
85 1231 129
1342 2639 -11
1941 2245 72
882 1722 -45
757 221 -136
2025 1066 -69
2038 1712 73
859 2546 115
11 880 14
1536 2031 -52
2958 214 -57
2217 2226 -124
785 957 132
2885 306 -11
622 2940 31
1341 2479 -3
2120 2279 147
2281 2976 -85
1095 94 19
713 574 -72
2096 1701 93
2692 543 -71
2770 1450 78
1237 132 -34
323 2115 123
177 1940 70
1841 989 -3
338 2751 105
873 630 -124
2511 1011 75
555 148 14
1594 2178 108
2076 747 30
753 2993 4
923 1068 136
1757 2491 -24
613 1680 -146
334 693 9
1665 1233 36
2924 2343 133
1148 1761 -14
696 729 -27
1149 561 -43
2561 444 143
354 691 63
79 1788 -100
1026 2273 -42
2900 1269 23
1849 180 -94
2158 1723 68
176 605 85
270 240 -64
450 1800 -123
2596 1178 131
184 364 25
1657 43 -19
806 2556 65
1683 1695 -80
1131 2097 135
1333 2961 128
29 1973 -17
2892 1494 142
2690 2274 -50
2955 2736 -51
1720 2273 -59
1512 1885 9
1990 1067 -135
125 670 104
1833 2316 23
1440 48 -80
1177 2531 72
1019 1406 87
1537 2851 116
812 1445 54
2042 1613 -136
2950 878 131
2080 459 10
1871 368 69
1588 2799 -22
2000 788 -91
584 1570 -87
1216 2047 41
1886 429 97
577 2547 76
138 1636 123
1745 2966 103
2411 806 21
2746 66 30
1430 2614 -28
2211 507 -37
1130 2277 -17
2629 1620 109
1077 446 111
1550 266 20
910 2112 -30
730 1407 -62
1721 231 50
2517 2161 -48
2999 1284 -21
2730 489 110
1587 2785 135
1471 2213 61
1198 1877 133
1654 1197 -105
419 2502 -89
782 1257 5
956 2874 70
664 1994 -132
2667 1148 -111
1619 1429 -12
162 326 73
2153 2267 17
1028 1337 111
1583 796 13
1313 1838 87
2376 2959 71
1094 1401 -92
2267 219 -64
1538 2049 19
2248 1666 59
2594 2482 -11
887 1456 -33
2695 802 -117
1505 424 8
1187 167 -10
613 176 101
2535 1704 -140
1197 2656 37
2015 1279 -4
2662 903 118
2500 1221 -45
852 1109 20
2114 742 -87
2091 1034 -110
512 1777 -21
2111 182 148
1195 906 70
2733 247 -109
2443 383 -97
2447 2487 -40
1819 182 -132
1221 2283 88
1069 358 147
870 940 -10
116 369 -97
2155 818 61
2545 641 8
2949 2940 107
23 2215 16
57 1321 -24
2119 365 -133
211 75 -66
540 510 70
2376 1390 -78
1376 2481 35
1707 605 35
2829 1562 97
1745 1070 -95
2421 320 -98
2101 2177 19
2075 536 -125
1309 725 -93
1583 2688 -93
1003 299 27
582 77 -109
2660 2360 102
207 1270 -1
132 56 -124
103 2182 -139
2793 1262 145
1822 2646 87
2580 588 63
2704 1217 75
2571 2777 74
2862 1935 -128
1897 1502 114
322 2322 101
2060 2192 129
1366 2340 -112
38 954 79
2397 1735 -44
245 584 75
2008 563 -2
611 2989 -28
971 2891 136
39 389 100
1494 1048 7
746 860 82
2709 2749 56
1538 261 12
2352 234 -90
954 1203 -65
1603 1425 -45
120 1940 -51
1798 2188 116
694 2753 -25
2462 1445 38
2307 272 -33
1371 2396 -13
1999 1818 9
81 756 120
90 1149 -135
2951 2470 -88
1805 995 13
1794 2373 142
1798 2761 -146
395 1329 118
2281 2185 5
1581 1620 40
426 1768 76
1632 208 133
2692 1697 -29
2385 383 82
1726 1088 77
2527 2377 -111
496 2872 140
1287 1514 -113
1538 1301 -41
1137 1313 -69
1901 2419 127
761 1154 24
1424 365 -12
415 484 -67
1269 1199 -71
768 1836 -118
1225 1397 3
1003 1760 65
671 1169 -71
1692 2269 92
2694 848 64
2556 1426 -22
2454 1398 -65
1063 283 -93
2287 222 -91
1381 2359 38
635 1939 -98
2025 1074 103
799 2314 -148
1221 812 -69
2998 1917 95
828 2151 -131
1917 2625 61
1431 2053 -24
2888 169 -84
2457 2280 129
627 2449 -39
2227 1848 -124
842 956 76
496 33 -1
466 1438 61
1625 2546 103
2918 747 130
2923 199 1
995 1694 -105
700 576 -62
324 627 -12
2042 2191 44
519 1942 39
516 678 -126
1213 2545 -61
1207 439 40
2718 938 -67
1850 866 130
2011 26 -50
2522 1651 45
2514 1095 89
1431 1121 53
2350 1883 -144
2869 976 106
1700 1515 -106
429 2424 -15
1327 1465 74
537 1804 -76
2661 1379 14
2547 1611 35
1136 1066 -70
2550 1618 103
2078 1747 -41
2195 784 130
1929 1937 113
1998 2105 18
1255 185 20
1279 1252 -63
1075 308 83
2665 1237 -123
1683 633 -1
1526 2316 -29
1632 952 -149
2361 380 110
361 888 -88
1891 1213 -100
64 2578 -38
479 2842 16
1971 388 39
573 2523 -139
1180 2168 -7
1395 2516 -45
2898 850 141
959 1492 3
1694 2293 31
1262 2967 -71
631 2982 -96
2569 2669 58
1014 2759 -54
411 1001 -78
2018 1574 -108
68 690 -51
717 84 -113
2368 2517 140
1742 2062 106
753 1922 14
1501 1047 78
2033 2387 68
34 852 78
1417 2240 -49
118 2798 96
2693 1461 8
80 724 -10
1213 1978 -136
169 639 92
