3000 6000
41 467 34
2500 1169 24
2478 2358 62
464 2705 45
2281 1827 61
491 2995 42
1827 2436 91
2604 902 53
292 382 21
716 1718 95
2447 726 71
2538 1869 12
1667 2299 35
894 1703 11
1322 333 73
1664 141 11
1253 868 47
644 2662 57
2037 859 23
741 529 78
316 35 90
1842 288 6
40 2942 64
1648 446 5
890 729 70
350 6 1
393 548 29
623 84 54
756 2840 66
1376 1931 8
1944 2439 26
2323 2537 38
1118 2082 29
1541 1833 15
1639 2658 4
930 1977 6
1673 1386 21
1745 2924 72
270 2829 77
573 2097 12
2986 1290 61
636 1355 67
2655 574 31
52 350 50
1941 724 66
430 1107 91
7 2337 57
287 753 83
2945 2909 9
758 221 88
422 946 6
1030 1413 68
900 2591 62
1655 2410 59
624 2537 48
483 595 41
602 350 91
836 374 20
1596 21 48
2199 1668 84
2281 1734 53
1999 2418 38
900 788 27
467 728 93
648 1483 7
2421 2310 17
1813 514 9
1616 935 51
2600 2249 19
1556 1798 3
224 2008 44
2609 2989 2
195 2485 93
2343 523 87
2314 503 48
1200 1458 18
2580 1796 98
281 1589 98
1009 157 72
2622 538 92
38 179 90
2657 1958 91
1815 1888 56
2511 1202 34
272 2055 28
1646 2362 86
875 1433 69
2142 2844 16
881 1998 22
651 1021 99
557 1476 92
389 2075 12
2600 2510 3
2869 2861 88
1401 789 55
1423 2002 85
182 1285 88
1426 1617 57
832 932 69
2154 1721 89
1976 1329 68
1692 425 55
434 1549 41
512 145 60
718 753 39
423 1279 96
1687 529 49
2437 1866 49
193 2195 97
2416 1286 5
488 1282 55
1734 114 1
1316 2671 86
263 1313 55
1185 2053 12
1808 1832 45
1313 756 21
1558 2646 82
481 1144 96
2222 1129 61
2535 2450 73
1466 44 59
2292 2439 53
2024 2154 10
1745 2649 86
2313 1474 22
2168 2018 87
905 2958 91
1202 625 77
1414 314 24
2334 1874 72
2159 2833 70
1487 1297 18
2177 2773 70
1763 2668 92
1985 102 80
2213 1627 2
1099 527 25
1543 1924 23
2972 1061 81
1003 432 5
593 1725 31
2492 142 22
1286 1064 0
1187 2360 13
974 2270 70
235 833 11
1760 896 67
1285 550 40
1694 2695 24
1019 2125 76
694 1658 2
2371 1466 78
1593 2851 84
1018 1464 19
2152 2800 87
1060 1926 10
1757 2170 15
576 227 43
1758 1164 9
1882 2086 65
487 2577 74
2625 1627 29
1928 1423 20
902 2962 23
596 737 61
1195 2525 64
2260 202 16
2030 2326 11
771 411 47
153 520 90
2924 188 63
1940 2851 62
1829 900 13
958 2578 65
1007 2477 0
2058 439 3
760 1357 24
477 2108 13
2887 1801 50
2460 1428 93
384 1405 40
1111 1704 35
2356 72 50
823 2485 56
2216 1626 57
2526 1357 37
2271 2869 61
896 1022 17
1112 717 96
2585 41 23
129 229 65
559 2932 96
2855 53 62
584 2734 54
1972 457 69
1532 2963 7
2483 911 35
1067 1848 75
938 2223 42
2754 511 41
2175 459 25
221 2870 26
1934 205 83
2850 2398 79
1701 193 34
1637 2534 56
1993 1176 5
962 1548 81
300 2413 41
1855 855 42
2462 611 77
2424 2678 52
443 1296 73
1040 313 75
2072 818 10
1017 2932 12
695 1169 31
2040 2488 85
1090 1497 89
1990 145 53
1314 651 40
1044 2258 35
2759 2192 5
1264 181 3
829 2775 8
2292 2997 49
2556 1561 27
467 2541 29
1240 813 74
2601 77 15
2683 2213 92
1824 2601 92
759 2670 28
1027 1084 75
786 498 70
287 2847 4
503 221 63
2706 2363 10
1171 489 40
164 1542 19
2913 1591 4
1818 232 50
1205 1975 39
303 2422 98
2247 1584 48
2971 2864 13
2075 545 12
2546 678 69
262 2519 85
1289 944 65
540 2245 8
1318 870 1
1323 132 72
152 1087 70
2763 2901 3
2423 527 0
2969 2015 65
28 543 47
2088 2943 37
1409 2463 49
1681 1588 42
608 2060 21
1758 2954 88
2146 690 49
843 430 20
748 67 36
2783 35 26
185 1038 53
1629 2224 48
1923 359 57
766 1944 55
2318 2726 11
25 2355 1
1549 496 84
515 2964 42
2075 2913 42
1196 948 72
2426 2606 73
429 2404 5
2626 2812 75
93 1565 36
2736 2141 14
2994 2256 52
2936 838 82
1355 15 31
230 2841 25
2011 2637 86
1690 1650 62
634 1893 53
416 1452 8
1262 1233 54
1303 1634 3
2256 148 24
317 1213 9
28 2200 80
318 1858 50
155 1361 64
2903 676 43
2909 2902 61
1489 948 82
1653 674 20
2402 923 31
1369 878 59
1008 1619 71
3 945 81
2504 392 85
1313 698 89
722 2938 37
410 1461 34
508 961 59
493 1515 69
937 1869 58
2700 1971 64
117 1215 55
1815 330 39
212 2288 82
1954 1085 10
484 774 80
2815 1951 41
115 1679 10
1898 2073 88
2977 132 56
1689 2113 8
941 790 23
363 28 84
778 1200 71
1885 974 71
2333 1867 53
2295 2168 25
676 629 50
2598 309 93
1686 80 16
249 2667 28
2679 1864 21
2405 2826 16
1516 726 66
2087 681 64
1340 2686 21
2662 2721 64
2309 2415 2
2873 2124 41
2745 1762 23
531 1806 68
318 2602 7
307 2481 12
136 2630 14
2809 1084 56
290 293 96
2152 1054 45
2708 248 91
1712 2131 14
1439 1958 22
2704 995 52
1269 1479 38
2423 918 66
2659 2498 86
196 1462 33
158 22 46
392 1037 25
1647 2458 2
807 1098 30
2292 2600 78
2799 352 48
1882 540 15
1575 2762 67
1336 397 18
1897 1828 51
2816 230 49
1925 658 29
520 1940 60
147 1162 55
2675 792 61
1754 1398 46
2714 2946 88
1569 2638 63
75 515 21
475 615 28
1234 570 5
464 1557 62
2161 524 49
2469 330 23
1350 2333 25
1910 1737 36
337 1278 93
1636 714 64
1591 1949 35
2505 1337 4
1337 2623 64
970 1608 68
1281 1085 52
373 1652 94
876 2826 96
1572 249 40
2174 819 43
2611 1941 89
2419 2565 5
1585 1216 50
1615 2609 64
166 1893 74
1509 300 95
573 589 61
1172 2968 58
2031 2268 26
1510 1422 74
2779 910 52
1182 1391 95
2764 874 64
2902 1255 60
474 972 21
2122 1547 77
789 1605 95
594 1950 43
754 2481 12
2672 2439 28
2912 762 67
408 1415 8
2223 2759 34
2204 2486 19
958 2945 6
2166 700 67
2692 787 32
556 974 47
2021 283 22
2331 2376 83
2948 723 82
1018 2776 20
1111 2182 56
1490 2925 24
486 1677 69
2643 1534 77
1668 1068 91
2196 1783 28
1727 2426 71
1697 2612 3
2027 2408 45
508 1185 38
237 2443 13
1501 2850 28
2111 2650 49
2192 1454 69
681 465 67
2713 1793 34
1472 2972 30
901 1442 77
1877 1770 2
2364 1381 90
2823 2237 23
2179 1595 69
2327 42 10
1182 2058 26
487 1670 28
2651 2258 13
860 1783 86
2742 2610 72
1128 434 41
2718 503 67
865 1938 81
257 1750 14
598 1458 61
2063 2756 7
2278 1489 35
365 2075 86
1386 1833 60
1330 2048 28
2492 433 40
766 1735 10
2599 2837 92
1982 1328 52
2369 1244 94
608 252 47
2432 535 8
264 497 43
649 1015 41
189 1100 12
648 523 51
474 1633 91
200 1854 90
1697 1919 80
1578 931 44
340 1487 99
1525 2483 38
1492 193 52
1011 1560 34
1840 1497 85
529 1540 5
1791 1392 10
1549 578 79
971 277 73
2193 1620 97
1826 1276 90
582 1578 59
2418 2489 59
449 924 72
1380 8 67
1208 477 3
370 2607 96
74 1722 11
1019 1761 56
890 1163 83
1716 1932 52
2741 1954 13
2862 1396 60
2615 1904 99
2136 1680 98
32 2387 84
1240 517 6
2670 241 82
1249 523 58
105 2621 95
1296 916 78
1178 1579 58
577 750 7
2729 81 95
2678 676 53
2899 2784 65
93 1608 72
2243 2929 14
1168 2055 91
2973 2922 48
2651 1986 44
1446 1577 17
2629 2916 74
791 469 12
2146 693 91
815 2949 57
2640 2052 36
2551 487 26
1162 1955 83
2394 180 97
65 65 13
261 578 78
1878 2140 11
1947 2445 70
2975 1489 50
149 333 65
1214 2282 7
432 2896 67
1522 1882 10
2641 1231 87
705 479 21
538 1351 47
208 646 76
1759 189 22
666 2486 55
2028 2614 60
2253 2777 48
503 1861 31
2082 455 97
1106 2752 21
2296 2281 21
455 947 24
318 135 76
1774 2859 98
74 253 22
1635 1643 88
2153 1232 47
1680 1926 78
450 2801 61
2199 2855 63
2716 1573 61
2245 473 74
1550 353 81
1287 2699 10
643 2465 72
2529 981 12
1476 1381 47
2890 1671 5
2372 32 89
320 2165 31
658 2293 6
2578 1948 6
171 166 96
1697 1020 94
529 2788 9
2984 2969 78
617 1015 26
684 168 6
1928 97 18
390 199 85
2486 1199 20
2710 271 13
415 85 18
580 1331 67
2387 1444 86
2507 1360 27
1074 2431 52
271 1268 93
1885 337 11
2604 677 6
1768 2022 13
2000 542 37
38 388 55
1289 1647 81
1093 1584 87
1761 2493 17
501 2482 47
665 1753 4
84 1095 25
221 964 81
1872 2106 56
343 1593 80
1080 2868 11
1713 2968 51
216 79 68
2040 1531 33
2779 2663 59
2653 936 95
365 2874 20
2835 1680 76
455 2725 71
808 1559 56
2602 2832 5
1440 1375 62
1885 962 80
1836 1797 2
1508 1080 40
76 58 93
1740 2546 74
773 1097 80
2335 2072 0
707 1955 66
1141 2588 81
2168 1315 96
1225 1009 12
136 2455 62
1043 742 21
2922 512 48
2018 368 17
714 2650 90
335 759 69
895 2303 40
979 199 5
791 661 81
652 2753 33
2029 987 42
2253 2083 20
814 2718 44
1063 1229 52
864 1769 70
5 47 94
487 326 76
323 540 79
2990 2588 10
2271 2945 21
1470 2183 89
2955 1978 79
2006 1262 35
2487 196 33
2088 935 79
993 2790 62
965 2001 5
2807 567 69
134 2671 57
998 545 97
2218 2838 44
1372 2563 28
2264 1801 23
1490 1604 1
227 2197 92
1771 2363 1
1363 1721 65
2421 2445 10
495 1741 22
1812 2151 15
2055 393 38
279 1882 8
654 822 7
245 1338 44
1290 1339 54
604 1623 25
2078 724 81
2330 2733 23
2594 2130 46
1987 2445 5
2616 2750 89
338 963 35
2697 2209 30
2224 1908 37
474 1920 72
1293 855 34
561 1056 6
2184 1075 82
2119 741 32
684 779 79
283 2667 36
125 118 37
28 2119 77
1737 2091 56
1795 1060 1
2793 432 36
1580 2875 7
184 1074 19
2790 2476 41
351 2329 90
1974 2072 91
189 787 90
239 2893 53
2063 1681 3
5 176 79
1695 139 68
1998 83 39
2515 621 93
826 722 38
828 581 99
2978 2891 23
2943 834 43
1349 2702 7
2502 1141 87
2346 891 37
413 2400 16
1690 1162 35
2126 1410 77
2382 2260 89
2705 1874 63
2722 2195 66
1360 38 88
1811 1245 67
2425 2867 89
1542 1063 47
502 2617 99
1023 2226 3
48 51 70
2636 458 67
2456 405 31
2962 2819 75
1556 1531 95
2044 591 3
388 915 50
319 272 91
2383 1133 75
642 2569 0
2954 78 85
2257 1333 93
1490 1103 50
2233 1722 71
1611 990 38
641 2258 47
2352 658 79
1302 2683 90
1002 568 22
1895 135 8
361 1742 94
2699 2188 78
1042 1357 41
1847 1469 45
1380 1913 64
1710 2061 85
2073 504 62
2703 1102 69
2154 529 52
2074 1149 30
2244 1844 49
2118 65 63
1552 1773 70
2731 747 11
2869 2398 98
1103 352 79
1053 1043 22
1088 1563 34
850 2022 40
911 492 51
1580 477 16
2876 1178 20
2615 1348 98
2179 1635 57
2883 1662 2
1262 1420 70
1022 273 41
686 1888 17
1717 1892 98
2267 2749 65
1389 932 19
1081 2003 30
1028 631 89
2152 630 72
1864 407 95
1428 2681 90
2610 2177 71
1236 459 43
1840 633 37
2893 1630 74
993 1782 3
2461 2290 62
1307 2997 51
423 2890 17
640 1703 66
1883 2661 59
245 2386 51
2765 1601 40
2209 1497 83
2250 58 21
175 581 87
271 1287 99
504 979 38
1700 530 61
118 205 40
828 459 22
2398 760 98
935 1481 14
1567 493 96
1161 1746 38
1670 2538 76
555 917 71
1760 2752 58
433 2255 65
726 2401 34
759 1393 48
273 792 93
933 137 3
690 1211 94
668 2627 98
989 248 79
2647 2149 31
669 875 98
1449 1436 99
2123 1443 31
154 1861 34
385 2967 16
2393 1704 66
953 308 23
684 792 67
1048 2469 30
811 1814 90
2427 2743 4
1599 1474 95
506 2158 89
858 809 89
2447 40 18
364 2975 26
1089 2503 66
2412 840 70
2676 1395 41
2986 2651 9
2187 2083 85
2390 1250 86
1755 2381 28
1502 277 62
2424 565 72
832 885 28
646 2889 78
1883 925 65
1260 2045 78
2821 1855 20
927 773 34
251 1675 36
1334 1 37
310 2974 90
2356 1071 80
1935 2145 82
1825 718 73
1712 1037 98
905 1162 17
2692 1539 47
1946 1103 31
115 839 58
2829 2645 94
2199 1645 72
675 862 72
1773 2480 38
2897 542 8
1203 2277 25
2134 1401 78
382 2169 36
478 2939 38
721 1426 63
1677 575 24
1981 700 61
1862 1002 48
1095 684 16
137 507 93
284 2944 59
821 1058 43
2668 1677 19
2857 2041 91
1264 1623 15
2072 2929 41
1715 2615 36
2957 759 0
1452 2093 41
2829 448 27
2798 1224 24
274 133 85
38 170 62
2629 2084 9
2878 923 85
2400 2024 93
2105 412 65
2767 407 77
1784 704 90
834 1891 21
85 734 90
2542 2998 86
2018 621 24
1597 376 54
2669 108 27
493 2068 66
102 2438 0
1819 2318 90
2984 1339 56
1808 1632 78
2814 1787 39
1074 1020 27
2554 1988 41
1798 1642 2
1321 104 46
1056 509 33
2708 1761 33
2686 2804 85
1142 842 60
1161 1620 43
578 1187 13
1063 1591 34
2415 656 61
1012 1411 59
1251 738 70
2124 2507 7
2584 1951 1
2489 958 41
1790 2013 12
2855 60 93
2472 1402 76
1543 1373 66
651 275 28
532 1761 69
2503 2729 7
892 2451 53
1392 1570 19
1472 2407 94
505 1440 83
2262 409 7
38 1360 71
2171 2654 47
2514 2523 29
489 766 87
2756 2632 70
1739 2666 22
1283 2160 53
705 91 59
1386 1687 29
42 1317 45
356 1388 52
154 466 33
760 2919 31
738 267 76
98 314 20
1053 7 69
216 722 42
2007 463 60
947 1793 30
717 2043 76
1314 1626 17
1334 2620 71
2792 2964 54
866 2693 64
2775 1000 12
100 1551 76
379 1943 77
789 361 85
2272 2434 44
2561 1563 4
946 2888 8
157 1430 23
464 1074 46
1837 1981 18
2611 1292 91
832 123 61
1991 1461 30
1498 2369 91
2400 2179 17
2317 1914 95
1441 2936 67
1028 1453 9
1973 2981 3
2569 816 83
1367 2385 2
2230 2157 81
567 2310 66
687 1171 77
1245 2764 38
671 2047 15
1592 311 57
1405 53 71
2580 1740 30
1675 320 90
1377 1998 86
604 1489 31
2744 2388 10
718 2919 59
2927 2609 19
479 1716 0
396 1853 58
2830 593 6
2849 2854 72
2160 294 54
2333 146 29
1471 1428 59
1241 2421 88
1366 33 85
2270 1329 61
1860 2208 82
1162 2506 78
2979 1897 87
538 2469 83
2540 1795 66
633 1509 57
2317 2134 53
135 258 93
2843 693 66
1951 140 94
937 2174 12
97 551 95
817 2492 92
2237 530 13
1296 710 89
2628 2809 86
1744 840 82
1569 120 93
292 2962 14
527 2807 94
2705 2713 11
913 693 64
2203 1995 62
2381 2946 9
1048 768 24
1511 1954 35
1127 2633 40
1862 127 77
2817 2340 42
100 1400 58
476 154 35
1430 2831 95
537 623 22
2927 1029 11
1211 2754 80
253 293 21
2785 2528 43
1000 1555 71
270 1452 75
2631 1640 34
40 1986 34
2248 1539 65
796 1312 62
1052 731 87
464 2557 48
2556 2170 50
182 1301 93
99 2332 44
2331 75 4
1050 26 66
2738 1801 23
1843 441 80
1695 1918 59
1363 628 29
1088 1854 13
979 569 66
1679 577 37
402 2115 92
1723 2872 48
323 2153 48
395 1197 8
1908 2411 93
1665 2781 2
2610 828 56
705 2965 23
2769 2715 53
1805 2684 78
2145 840 33
1285 2900 68
2994 1633 85
348 281 32
1256 2910 72
2982 2901 6
1635 2860 71
2527 1137 43
768 1233 95
2171 1603 42
11 1879 34
2512 593 30
2161 2234 58
926 2906 91
2443 188 27
2719 2484 24
1093 435 24
1094 582 67
2627 1005 46
2686 1589 40
237 1850 59
578 1956 77
2403 1042 0
811 2225 43
595 16 15
1804 6 68
1641 335 98
1325 1313 23
1312 618 57
396 2339 86
2094 1846 43
1522 911 80
2455 2358 47
1870 990 73
1327 413 54
1896 472 50
2241 1641 46
2525 1213 24
2929 2695 3
594 1993 67
1187 1640 79
1041 125 34
1860 2000 7
2621 692 93
2117 1717 3
943 2893 39
2011 2925 28
1978 1748 50
1892 2444 54
2623 353 36
1547 346 26
1061 904 38
2571 2886 5
2299 1056 28
1267 751 19
1991 166 17
1846 2093 87
1421 1912 67
1299 2444 97
1201 328 42
1104 1768 68
2641 1296 62
1720 244 18
625 219 84
174 1984 59
1149 2014 95
503 2032 51
1537 2814 63
1651 1219 90
1917 683 18
2584 252 86
1269 2248 37
2397 424 68
2027 1148 93
1382 2271 69
893 2877 14
1104 484 43
2495 2811 93
1892 798 90
2299 2890 93
2074 1549 74
314 2173 69
2218 2865 33
238 1911 52
463 508 49
2088 245 31
1920 1106 71
368 421 58
1157 647 82
238 122 23
906 706 89
2156 345 51
923 1118 50
2097 2836 91
1406 1510 13
2651 1880 44
743 1741 45
2578 1949 5
514 1785 27
2624 2204 56
2917 227 55
1102 2286 68
2698 2979 11
489 1758 90
775 1410 32
89 296 50
2112 2122 29
1672 1836 77
2553 1976 70
85 2652 51
397 1751 1
435 1693 72
2916 716 28
1511 2125 38
296 939 44
1056 826 2
2758 588 21
1586 2108 77
628 979 47
549 1280 45
1128 2062 26
1719 1677 91
1047 1785 31
1406 2684 54
1769 2709 56
1421 945 65
1016 860 97
335 2190 77
1049 5 86
2388 675 43
2377 1130 87
2555 1482 53
0 754 89
2488 1215 8
1310 940 99
2997 707 54
304 2237 85
499 792 13
2612 682 83
351 1129 37
2033 1600 64
2683 2857 68
1710 968 8
2641 732 37
2684 2499 1
2869 1583 56
1692 1640 87
12 1810 20
2835 1663 15
1897 677 74
1134 553 33
1878 2286 24
2734 75 49
712 2984 24
792 504 22
1055 913 62
473 2084 60
1122 2053 97
2822 1750 37
1917 1006 31
1197 505 36
1357 599 90
1898 985 47
1084 592 25
2996 2855 28
338 2342 28
2795 742 37
2506 767 53
793 1505 46
609 1924 54
2465 239 6
209 492 99
175 1036 61
1647 618 13
2727 712 96
909 841 30
90 34 15
286 523 66
1344 2736 37
2416 2893 49
971 1844 77
1285 2200 90
1285 1325 18
1668 1006 29
8 2541 25
536 2980 16
470 384 47
2328 936 4
1700 1523 64
1411 1040 50
2504 2483 66
1141 2670 45
1506 88 56
1107 2266 57
1678 2199 74
2155 1191 90
2832 858 96
2917 1290 67
1707 2234 46
2462 1402 39
426 1095 6
2314 1350 86
2279 2776 22
879 2301 12
2676 164 57
2570 38 12
1144 1561 80
200 643 56
61 2647 39
1808 290 52
979 2618 19
7 1284 47
2977 675 13
709 1371 42
1339 336 21
501 2034 29
358 1436 69
1897 1504 98
1202 2105 38
32 2065 16
2481 579 23
1727 1771 13
1382 140 16
1488 319 89
2513 259 51
2271 2283 64
38 12 84
759 2501 74
1733 2059 14
649 595 22
541 2416 77
1052 565 91
138 1310 67
55 1787 24
222 1439 41
648 2804 34
1368 1441 72
2668 1974 76
2137 2633 41
2745 18 15
1974 1252 46
2956 1524 66
581 2144 40
2334 296 76
1027 1205 18
1291 1641 65
1191 1471 59
2700 2217 16
1943 2624 64
1505 1157 2
1666 275 46
2632 2789 46
2145 3 52
1901 2326 53
184 1649 50
1405 346 25
1970 2336 95
793 2323 32
1856 896 10
2776 2692 50
290 1795 52
2350 2315 36
2361 760 84
2729 2534 50
1082 1806 36
1584 1790 17
2182 1066 16
388 425 1
2610 450 82
1621 2193 38
1754 1593 95
2280 2638 67
2420 1345 83
2865 696 33
1390 1632 89
2839 2183 17
1129 753 79
613 1600 52
145 1861 51
1318 1963 13
2907 2554 76
617 2211 29
2264 966 31
2942 1698 22
1155 587 57
2158 1464 62
2510 946 65
2380 1165 46
1540 297 42
2464 2194 84
1270 2715 0
1206 2106 2
696 2833 11
1067 415 45
175 354 48
919 1079 88
2321 1592 97
1197 1509 52
71 658 22
2859 1997 99
1899 1120 20
2036 1984 12
1915 2953 85
2741 1199 67
1208 844 69
2681 1879 8
2207 2259 6
2849 75 26
2124 607 74
2884 2128 46
145 2481 14
2149 168 38
2307 2793 4
1105 1697 17
955 1641 43
2133 2097 79
2736 1555 33
1954 930 52
1904 2279 88
870 1754 72
2176 2701 15
86 1231 80
1975 260 14
2938 1657 90
1438 1981 47
2242 618 70
1631 61 19
1781 2990 33
2672 1563 2
502 2928 21
898 1447 45
1406 2222 86
2794 2577 44
683 547 40
485 1464 23
2337 1653 68
1130 255 66
1858 1512 56
318 1201 42
276 1506 2
1684 23 70
2312 2250 75
2311 2850 95
2488 2520 1
2183 798 92
848 784 45
187 2462 43
258 1859 71
2016 2172 32
441 2683 88
1015 1976 16
298 39 83
205 1997 46
2769 2675 17
387 20 30
2442 735 89
2373 480 73
1777 786 81
1785 522 45
2979 1085 13
935 1735 83
2186 1096 48
2085 2752 21
260 982 36
1688 1919 36
2792 65 78
1198 1496 86
11 1976 47
121 2202 45
702 1564 39
2572 2257 70
920 1654 59
2080 1298 91
2960 510 91
1867 1033 75
136 499 75
1790 2376 56
2272 2703 86
2967 515 42
2495 566 56
2186 2437 98
626 364 85
1665 908 40
1360 2814 54
12 1752 38
2706 525 30
2249 2179 79
2313 1838 17
2421 2145 91
1969 839 8
1565 2762 73
2681 970 47
53 1708 8
1715 1429 66
689 2663 71
2541 1259 31
2572 2514 66
1988 170 68
1199 655 50
1444 936 78
1406 2427 13
1523 2371 27
2073 2461 73
934 1102 87
1417 1463 53
2126 2595 95
2213 2406 70
2859 2305 96
833 223 52
2879 519 26
1793 1585 65
1371 444 7
2271 87 99
1519 2596 15
2552 1492 53
2257 590 59
1357 1886 9
2865 1686 19
259 1313 35
1028 1101 68
1869 456 31
1578 2074 95
843 1274 16
24 511 85
2722 2971 57
2095 2174 38
2183 2658 95
1722 1983 31
2503 2232 0
590 480 8
505 2702 58
818 1557 61
120 2028 56
1713 332 92
2182 2467 20
1358 74 87
94 1983 64
264 1714 46
390 1425 55
1163 1467 92
2231 1619 80
1718 1128 48
1720 79 91
766 587 8
126 2825 59
2518 220 35
1314 1456 47
2156 134 60
751 1208 78
1294 589 24
1976 694 90
2189 2372 19
301 702 44
2523 2539 9
2827 637 86
416 1827 69
2623 2899 14
1415 644 36
2669 1378 76
2858 1952 46
137 2915 88
616 1288 82
1074 2333 15
2056 1656 62
616 524 29
442 1984 72
1049 2396 26
2582 1202 75
2416 665 52
759 755 17
1844 554 43
824 1999 22
121 733 13
1917 793 73
60 1175 74
2985 2501 22
1208 395 26
2720 2291 88
1929 72 77
1193 8 54
922 876 37
816 1803 90
1912 289 53
2979 1299 22
1902 602 69
654 729 34
438 274 26
1463 1134 72
348 1453 3
2307 1518 33
437 2695 79
661 2144 59
1961 907 76
1472 2645 92
1972 628 96
811 535 35
1229 716 32
956 1158 49
620 2296 24
1120 526 6
2983 445 74
691 2588 38
2664 104 77
2353 2942 4
623 2852 25
2611 842 24
1149 2135 90
1146 1328 55
804 1741 9
1381 779 2
1083 692 32
2312 2099 61
2047 1405 90
2569 2959 28
1139 228 80
2471 778 40
456 1148 44
745 1125 10
1698 1616 80
815 64 26
2472 479 93
2482 5 36
333 2105 87
732 638 65
1064 2518 99
2032 2508 96
1438 2978 38
2245 1059 69
744 362 69
2049 2518 67
1558 2143 61
1603 190 86
1226 603 4
300 1768 23
1347 2396 66
1230 665 52
2000 617 73
786 1668 97
1579 2224 28
2260 158 25
2267 1312 34
452 2169 62
1570 2211 35
890 1711 64
1750 1960 45
2767 754 87
2217 565 42
2088 1273 15
579 837 88
1269 2886 30
1809 1640 21
319 2881 26
1020 1411 54
1893 984 57
1999 336 29
2950 457 5
1365 2334 49
1094 1592 70
119 2017 13
253 1117 77
1160 505 53
591 562 76
1854 2072 34
2016 1050 93
945 1852 47
2521 2061 44
2259 1366 85
2439 2718 7
2268 554 50
1432 1799 20
1735 1098 92
916 2182 29
1316 59 58
1583 1399 35
2357 2070 71
1342 2780 77
406 1295 86
2403 2252 18
2035 1285 28
1678 1960 1
2949 2364 85
626 2157 37
1841 938 93
2096 1033 93
2768 873 35
1109 96 81
561 1739 84
1923 1499 31
2849 1442 6
850 1287 40
1769 223 88
1467 83 0
2158 606 38
1463 2920 66
758 1685 23
2229 1298 56
2470 2175 96
1683 988 19
2946 2190 75
2469 1519 41
2197 2545 54
1158 2058 94
2791 1341 37
1900 1232 75
1736 2438 58
580 85 13
2284 2253 27
285 2426 70
2536 281 70
549 1348 77
2199 1835 73
1137 2351 31
617 2233 71
376 1529 31
2044 2342 67
0 1528 16
634 1999 57
2240 581 23
941 1131 49
1539 299 75
1099 2363 45
2726 201 24
83 1389 35
1024 895 45
170 2483 17
1392 1752 24
1773 740 55
1468 1070 43
1030 756 65
114 2980 58
358 2124 8
1311 667 17
928 2590 99
1580 1870 90
1412 2000 64
1275 2084 82
2911 2106 68
2644 2826 36
2366 2592 88
838 865 12
2947 1446 59
1052 2771 56
2110 2057 66
2250 670 45
925 1148 74
1774 1043 29
2536 763 16
858 2934 1
2061 2655 15
174 582 39
82 2024 0
1575 1337 76
2300 1424 64
2537 2695 25
629 1851 88
794 1744 6
1075 1071 90
1884 2819 79
195 2158 7
845 374 38
156 2820 32
766 222 57
553 2271 55
389 625 29
128 2039 27
2394 2490 48
1054 2517 92
2530 618 48
56 1990 82
2743 2439 1
493 1927 69
393 33 31
592 1135 26
2842 1080 16
1961 1717 7
2920 1245 66
121 782 82
6 491 70
2615 1195 43
2763 2771 92
2935 1217 12
2881 1467 21
1952 2322 28
230 429 24
2699 2153 51
1794 2041 64
2383 2720 44
388 2077 13
2202 2658 2
2753 1249 58
1575 2090 38
823 1395 1
2205 2558 23
287 1041 26
2530 209 20
935 1043 31
1674 902 0
2071 775 9
430 1794 22
2736 890 15
2452 2754 82
2933 1188 55
2960 2945 23
542 2659 87
2943 347 84
389 1668 88
198 280 79
2707 1813 60
447 2846 71
2182 344 42
1448 1636 53
1549 1888 23
2825 251 90
1639 2046 62
2775 2624 78
1985 1103 81
377 2350 48
2170 494 16
729 2726 38
2915 1672 52
862 421 67
2128 465 29
259 82 89
986 419 35
2140 666 32
1485 822 3
2161 2896 41
2150 1432 72
2361 1770 13
165 1645 20
1810 2128 70
621 596 4
2514 2799 10
1269 1552 35
471 1344 30
382 261 95
151 2666 83
1710 2758 72
2295 2906 14
1452 2284 5
1812 1021 41
575 1290 25
611 1167 82
2783 2387 93
1050 1679 68
1274 884 29
2335 460 5
511 992 24
550 1016 60
1801 759 9
2923 67 0
225 2256 40
1048 1655 7
2449 2491 60
382 1836 19
270 1679 25
2519 1809 1
631 2324 7
725 1301 83
969 488 64
1963 124 34
770 2851 97
2724 2511 67
265 2840 79
955 1028 61
2432 227 60
1139 2666 37
2048 848 4
1048 1565 21
1133 1175 41
2514 147 62
2954 2676 54
658 1721 84
1688 1466 16
856 180 29
537 1629 89
843 1004 1
2384 920 87
2136 2052 82
1528 366 72
2193 2958 79
1983 2987 23
397 2096 94
2901 2653 20
503 1472 20
1932 1953 24
2033 57 65
2732 280 67
1966 1690 68
2926 1828 79
2144 2703 49
833 3 10
240 27 10
527 282 93
2187 1863 61
2565 1599 51
318 81 58
1103 358 38
1178 2464 57
572 1221 22
1756 1867 60
298 1343 34
2841 19 52
2062 2411 11
793 2405 81
651 1760 98
271 842 94
2084 535 0
1955 1155 23
650 688 39
1010 2017 32
2948 1210 95
2419 2648 89
1171 851 95
2223 637 49
800 407 34
884 2177 12
2641 1304 96
2162 537 51
1851 2732 65
938 445 28
2194 2526 78
745 928 5
149 257 12
401 1199 27
2692 1353 95
2542 1567 49
376 2255 42
1748 103 15
2047 2073 65
1749 137 69
2331 1970 53
2768 1052 78
2156 981 95
2586 1929 31
1278 2859 52
2089 1958 38
1054 972 8
1656 171 47
2503 1511 74
1819 2107 5
1599 788 61
2045 435 92
2732 76 67
403 367 99
54 1167 12
2114 129 93
2977 2854 12
831 2889 26
2647 2299 89
2674 1836 12
387 2957 3
1491 1482 29
27 1361 52
2496 2646 83
597 2554 32
102 2945 76
1224 81 95
1623 632 43
1602 369 82
1989 2437 99
35 179 54
652 2399 50
132 1945 93
871 2649 90
2204 2177 5
2319 1750 28
2228 2722 68
2785 2774 84
651 884 37
1915 189 81
1074 1759 50
1546 2260 27
1233 421 61
818 546 50
263 1461 46
2458 594 71
2945 1502 46
2420 1254 53
760 586 19
1735 1616 13
1335 1592 18
265 370 36
2525 746 44
1512 2482 15
2105 1726 1
773 1306 80
1593 2990 91
214 223 57
2700 849 22
1285 762 2
1268 374 52
2848 2235 38
1762 1237 72
1792 200 43
2519 1481 70
2991 2145 84
714 85 79
399 1282 86
119 2650 93
185 1516 8
2888 499 25
2896 769 31
814 2502 70
1537 2598 77
2398 851 88
2463 2053 5
741 267 62
2655 2081 95
1618 2872 94
1670 2538 21
1445 2523 43
365 1718 35
1937 1599 99
1192 554 24
31 1066 29
722 2556 18
875 1692 10
361 1132 28
522 2149 77
1826 2348 78
2777 1338 75
944 125 39
1821 340 40
1966 2081 48
2547 951 7
1551 110 57
77 1009 3
576 1540 23
1574 454 69
2906 2485 99
1048 2930 73
2658 1816 84
2373 2031 4
783 791 22
2010 2987 64
568 2994 79
23 1709 57
1141 2285 77
2023 272 28
2435 1549 17
9 743 67
1265 590 91
369 1538 4
1776 2212 91
693 2409 20
1197 1662 28
1100 2759 42
440 1089 94
1642 1620 86
146 964 86
1271 943 66
474 445 88
2349 827 54
1504 281 46
2757 285 14
1350 1832 73
2943 312 32
2883 1239 68
2589 2683 9
987 795 45
1912 1639 35
1248 1479 7
1230 954 1
1940 2043 18
2412 2377 23
2472 2983 85
2686 720 57
2702 2439 6
276 1924 52
1037 1035 99
1316 1890 67
1606 2221 75
1520 2792 65
1547 258 84
531 2829 82
2705 2162 89
923 870 42
282 2196 80
1969 1072 15
1051 736 55
174 477 54
729 1882 51
1769 2237 1
676 1604 73
161 197 95
2125 2485 62
2229 560 18
2073 2079 9
662 1224 74
1682 1475 15
2343 446 32
2568 2684 61
2472 1286 66
89 2151 4
2233 1594 76
598 604 33
468 1184 17
2964 2616 14
2066 2996 73
1148 2510 96
941 1791 66
1589 1020 55
948 1251 81
2271 1825 28
1173 1454 9
430 1238 91
1739 853 48
567 2054 77
1490 1197 56
1773 589 62
536 2429 88
1539 2585 41
1167 2520 60
47 2581 82
1606 2989 84
1403 960 62
2732 2392 43
2063 1923 11
740 692 43
1270 919 49
2112 2576 45
2486 2556 3
1364 1498 8
878 338 23
5 1411 93
2117 943 27
1514 1290 16
2801 339 44
2236 2012 74
2433 2740 1
2183 135 28
633 437 34
1577 671 22
263 1659 40
2368 1282 48
2366 2290 27
2458 2071 6
305 2001 34
1770 555 7
1299 1730 75
2803 439 94
1488 1664 73
48 1358 80
2487 1764 13
13 452 70
978 766 4
416 1649 77
1837 1537 59
2432 2955 5
2526 2937 66
914 2155 90
446 182 35
2093 936 46
238 2456 3
1714 1599 41
925 74 24
1344 2863 49
2276 1597 34
1647 1426 43
244 1592 61
2269 2175 39
696 1481 71
268 1713 66
1030 1806 9
290 2059 84
1546 2759 3
606 391 93
1196 2583 50
2557 1435 12
667 1869 65
1903 973 91
2516 149 15
118 243 88
2497 711 91
2874 563 25
1007 370 21
1727 2658 36
275 1221 76
1799 919 41
1611 2712 9
2635 2263 30
2514 336 83
1032 988 39
2705 2670 40
868 1391 28
1985 2537 20
1124 997 54
1703 2494 62
2865 2554 0
2302 2714 29
1794 26 63
528 1748 79
351 2199 3
442 1280 16
290 98 58
1730 2553 51
2262 444 49
1485 1055 72
889 2858 52
129 2640 60
2046 1627 44
422 1936 73
1154 333 56
2051 1391 34
2931 1322 79
2202 2176 80
1269 2388 29
885 1002 10
1327 2274 60
99 1042 55
393 1065 28
572 2284 26
1798 2523 1
1587 1088 97
2652 1175 50
1678 2455 93
1630 1406 31
1489 165 21
127 964 40
113 389 10
2488 1763 20
2188 2821 64
3 754 22
1316 2854 86
2425 524 18
302 120 59
488 682 41
2574 500 66
2222 2754 52
850 1516 26
2486 602 37
1901 2901 49
967 102 65
881 1843 10
2508 2489 58
1184 121 6
586 2987 71
2490 972 18
2073 2353 81
2662 996 13
451 2115 4
1785 2333 64
1504 837 53
1784 1333 72
2921 1544 70
1257 88 29
2297 340 23
901 343 76
1731 500 48
1613 253 11
693 332 51
1814 1599 16
2212 834 49
2252 2912 41
2209 450 80
2569 535 62
2365 1111 17
2011 763 21
2606 1345 43
850 1593 64
2442 444 33
736 502 25
559 2953 7
6 1543 29
2751 70 95
228 2541 59
220 1715 44
1178 1658 84
1738 383 38
737 1635 30
1782 2315 80
2021 1425 52
204 2446 12
1004 2045 25
1244 2549 94
2529 2132 9
1316 2429 61
133 930 46
2532 1283 73
439 880 35
987 2570 89
1629 2560 21
1597 2189 63
444 621 5
2815 1713 34
1999 1137 15
2164 2058 11
2383 846 43
2737 2831 55
251 351 90
1052 295 20
61 2360 67
273 2034 33
1191 301 78
1387 879 0
615 709 72
1061 1952 70
1823 64 37
1050 1610 91
978 1443 61
1821 2718 98
183 1933 95
2709 72 68
2703 864 45
1849 50 46
1142 1444 55
2459 768 85
301 768 47
2606 187 35
1309 1364 33
1351 1140 25
1724 346 0
2838 2031 21
217 2624 84
2815 2344 52
19 70 67
2919 2174 87
1030 1345 16
1044 1699 62
685 1115 21
502 1541 4
1573 1733 52
1811 229 24
1159 983 65
845 1950 26
2591 2897 13
1371 2986 62
190 2584 6
2418 622 19
2666 1218 91
959 566 3
2279 498 67
345 2103 30
20 25 34
2821 1833 35
1287 1393 27
348 1624 92
2918 800 44
431 86 95
2508 753 97
2192 1121 19
2907 2071 22
2561 1991 52
2251 1523 65
956 2980 61
1465 523 0
1828 2235 53
612 1682 76
157 2289 92
199 1776 61
2842 1131 60
2700 2638 80
620 2545 29
168 2141 62
2834 1633 70
2082 1000 60
1364 141 99
336 1665 33
2029 1827 54
28 1319 84
110 168 17
2397 2125 6
2410 1463 48
1690 1969 44
1599 2643 55
464 2537 58
2206 1911 14
1947 293 29
2587 2080 85
2764 1234 76
2015 118 84
847 2648 47
2555 1832 81
837 427 96
2859 2324 99
653 1701 41
1404 729 15
565 650 32
83 2719 96
439 778 38
2241 2803 6
1620 2670 49
1205 1524 78
2787 984 29
139 1898 73
1638 815 2
41 485 63
1211 2066 27
583 930 65
82 982 31
1235 2290 12
256 802 48
513 2126 97
64 215 93
1907 2437 18
1338 1424 70
2183 345 28
2059 1483 21
537 2560 49
1923 883 5
847 2313 86
2984 2409 34
500 1970 39
157 2668 56
1485 2592 22
1733 2735 83
827 499 61
1090 2135 0
479 2573 6
885 2245 9
1836 1981 39
699 101 7
195 1219 84
2427 2355 60
1133 452 0
603 1688 98
875 2569 4
1990 843 57
1857 2319 75
149 190 46
1798 1467 46
2509 80 79
1981 2207 19
2138 2425 99
2770 2014 10
355 232 65
618 1720 37
1264 709 3
2544 2050 41
1301 344 27
2141 2910 96
2824 1683 98
1640 1131 70
2754 2535 3
1445 609 14
2032 1917 30
1318 432 13
90 461 32
635 517 45
321 1818 5
1333 1721 46
1970 788 94
1008 2227 35
2577 2675 5
2050 2642 54
318 1390 24
979 1365 54
171 2022 44
2267 1509 10
2872 1552 74
1977 1697 70
941 2267 41
617 968 65
321 655 27
2914 2283 37
932 2549 62
882 2035 92
1135 2930 34
2520 2728 88
1724 2634 33
2603 2125 22
782 2760 65
1930 1264 23
2322 1486 8
2638 2631 65
426 1362 63
2378 2419 51
2741 1315 76
168 2521 98
1587 2531 39
2339 2552 30
2474 2781 42
118 2900 0
234 1606 80
790 923 99
2168 485 34
1455 1544 44
708 2800 19
518 1349 47
1580 2299 48
684 2119 32
2340 2888 70
1297 433 40
2622 2545 40
2727 250 82
2247 1099 50
2730 2396 4
1331 805 51
82 1139 67
370 676 43
556 2973 16
2957 1286 66
2433 1843 72
1814 298 71
2937 2261 9
2920 2586 27
1441 53 23
2528 2491 97
1099 1881 23
1310 671 78
2993 90 53
234 266 47
2113 422 45
1974 2488 22
2377 2519 83
966 2805 94
1646 2324 41
1089 98 97
66 460 91
573 1465 5
2806 2438 96
518 1262 44
726 2015 93
1323 569 24
1218 1369 72
1670 161 15
825 1729 94
37 195 30
1549 2300 1
1794 561 3
2992 1959 48
1206 2613 69
639 1455 61
2651 1410 77
1576 1539 22
502 2224 96
849 23 12
2723 2714 71
1808 1620 81
1156 2298 49
2145 497 66
443 1448 92
1531 1204 95
294 2450 49
1951 2581 98
845 1675 45
1584 433 0
2399 567 97
2009 2941 31
2099 1898 74
387 759 62
1145 729 59
324 767 66
968 927 94
1849 1796 42
2923 396 17
411 2368 48
781 2833 74
688 884 68
1468 2425 4
1844 921 60
1911 2922 51
2700 1342 30
425 1430 51
2720 1198 27
1480 405 82
425 614 12
204 192 9
2938 1005 66
1666 2171 80
964 541 26
1886 1935 33
2251 1724 76
292 2159 51
596 527 7
1287 27 20
1805 2127 37
2710 1583 3
137 2483 41
2635 1621 77
1278 80 34
1711 1229 53
930 2408 30
1448 632 41
2670 416 63
1818 815 84
2509 2974 41
885 1408 60
1748 2085 78
101 2171 5
401 796 72
109 2731 87
2670 525 84
802 727 46
1688 2352 97
2989 2895 98
1951 18 73
1257 1719 73
915 68 83
1610 2859 25
596 1839 83
1518 159 18
2061 167 3
1166 2938 26
1193 2882 76
760 2738 57
780 554 78
61 1868 21
1673 98 57
1258 1419 45
2901 189 16
1956 2239 25
2125 1532 78
2421 2716 62
1287 1208 38
1530 1605 90
799 2569 7
1253 1413 56
1785 583 48
593 2799 62
2606 666 35
219 671 64
2599 608 47
14 2914 12
1507 1622 27
1492 2320 99
1898 2271 86
2192 2552 17
2524 2988 93
89 1688 14
296 2268 46
1358 1737 45
2568 1797 25
2647 1221 37
2643 2907 70
1549 546 39
2252 12 20
2431 2476 91
525 2845 99
1416 1774 56
677 872 36
1008 896 9
132 2358 88
744 4 30
1727 649 19
1868 174 1
2361 1255 66
2927 313 62
2780 1818 28
2289 713 41
1223 2796 31
840 231 35
632 1582 82
1250 644 52
2457 601 68
33 773 94
1419 2526 83
533 1782 12
2436 1825 52
1812 24 45
1296 1202 73
2758 1305 77
358 111 81
2650 2570 80
1253 2327 59
1716 2797 18
2718 777 81
1065 2152 13
1371 2176 86
2874 242 41
509 1097 62
1248 2242 48
2592 1536 20
1617 229 24
2781 1638 6
1561 2350 47
1458 1039 5
2981 2468 14
601 1316 94
1967 45 67
1039 1163 0
774 444 99
2525 2080 17
2824 2449 86
674 1257 85
1215 58 75
2230 582 11
37 270 62
1591 28 61
1612 2696 76
2100 1958 71
191 2248 22
698 1550 58
2728 1145 42
1438 2860 73
477 2493 95
404 2213 32
2525 1904 95
2221 2848 68
1084 2620 91
2838 1232 19
337 2566 32
2262 534 31
637 2694 2
2011 2514 42
2269 834 47
730 1503 41
606 1411 97
2737 1102 15
1063 2117 17
2999 151 43
1538 782 54
1887 12 12
2922 2837 74
1091 808 18
1851 1277 23
1852 2211 30
1589 2001 15
2487 1728 29
921 2987 63
327 488 77
1714 846 75
82 831 39
619 169 47
1362 406 60
1752 905 61
1720 380 41
550 1339 38
124 1951 5
1940 2989 25
1482 1104 53
2380 430 11
606 2058 87
2051 327 30
2622 1747 7
296 2714 5
949 406 10
515 935 88
1785 334 13
2023 1476 63
2177 726 22
2707 2529 66
2627 425 0
248 1975 30
1757 413 96
2016 2092 5
1251 1807 30
703 2547 52
1255 2684 35
594 146 90
36 1047 5
1607 278 58
1281 2746 99
2422 592 13
808 52 41
2791 576 24
1657 708 46
2958 2632 63
1627 2831 41
2679 1637 0
2637 1909 50
1654 1540 97
2827 2979 46
2139 1838 81
898 1792 21
697 1293 13
206 929 93
351 1816 94
1238 2988 75
1971 421 80
1683 2966 99
1756 2609 66
2668 359 95
184 928 94
332 866 58
266 463 13
2431 1286 60
2166 1449 22
1260 1883 73
2966 706 46
2474 1708 46
2670 1820 66
1069 378 27
2038 1884 59
767 2978 30
921 2191 90
93 1444 9
507 40 23
222 647 50
225 1262 82
1969 740 1
2855 305 26
287 1863 79
1966 478 45
209 886 6
2720 2643 6
1442 1361 83
938 817 95
709 2799 97
795 1742 52
367 140 3
1855 1755 52
1856 2445 62
2997 650 89
2065 1705 27
1447 2427 3
1276 2265 75
2246 1781 3
1815 263 60
316 2581 77
2533 828 84
1703 1444 76
374 2108 35
1402 1935 41
1786 393 20
414 2944 57
912 2304 96
2691 2706 26
2216 583 33
1511 1976 5
2665 2206 98
2418 2619 91
24 1467 50
2934 2495 75
2075 1694 87
2465 2762 39
2508 2460 82
586 2495 22
935 2948 59
2119 2138 66
2373 750 60
341 2093 48
1406 1918 68
212 65 19
1127 571 14
42 1750 49
1728 1261 77
1736 2025 6
2465 783 53
1405 2626 53
165 1545 27
780 1431 80
183 2347 23
2081 2063 44
249 2426 40
1662 291 29
2698 598 78
1727 825 60
2269 2180 23
2347 402 65
82 423 55
1187 2807 9
330 91 11
1544 344 75
2689 2205 56
724 2217 56
2048 2760 80
650 88 66
67 778 73
843 48 32
1576 763 98
335 1616 57
1980 166 61
1491 1933 29
85 250 91
1693 2288 88
786 57 59
1827 910 26
290 241 64
666 74 92
148 412 92
216 2158 27
2159 2042 39
1163 448 96
1250 896 96
2678 2108 86
1437 1303 23
1 2041 45
2630 2094 0
2993 2054 94
2204 2542 24
2569 2581 43
827 201 2
1023 38 61
2834 1101 5
900 1732 56
636 2210 17
593 1477 92
1910 990 8
2775 2889 69
1391 1139 35
1306 1039 73
69 1573 44
1827 1195 36
395 1102 16
2007 22 64
948 1008 72
1008 1790 57
2047 831 86
1696 906 67
814 190 67
605 2511 83
653 1439 26
1942 2929 40
527 1540 86
443 47 53
470 610 5
1709 1971 71
1242 2332 42
2420 2225 81
1718 1588 51
2252 857 65
2975 430 51
2102 2750 88
2747 72 90
1219 1717 93
2760 1756 92
1693 1199 32
849 1873 43
1933 2444 56
2486 25 64
1000 1332 22
145 53 9
2895 747 8
319 1634 36
123 1244 82
490 375 46
439 1048 65
962 1168 19
469 982 13
287 2340 66
1633 290 21
636 677 95
906 1463 49
2620 2056 33
2566 955 57
1421 2461 1
2660 916 63
1738 2378 97
2334 588 99
470 199 15
366 1465 32
1874 1078 37
1800 848 93
2958 1757 71
1058 682 17
1065 2706 20
2312 2204 2
2197 2136 43
2116 1978 6
2624 1115 73
2160 1678 36
719 608 88
1782 1321 16
1223 712 86
170 1766 42
268 1458 76
1662 1946 81
2753 1704 38
2597 1322 95
2911 115 87
1221 237 4
2578 2640 64
2566 1694 31
365 2756 84
2065 1106 65
0 2984 89
1402 1411 57
1807 407 27
1686 1943 35
112 2231 77
2049 1206 1
435 546 59
2576 1811 8
90 1164 97
1725 2107 83
2415 2377 94
1380 355 68
2934 383 11
316 403 48
1200 1041 60
1273 2723 89
1032 1223 87
178 739 3
2137 2890 63
1177 2801 3
913 2830 14
2099 1998 3
1598 2117 90
868 2374 92
448 2106 84
2848 1926 67
2235 2407 77
471 205 30
920 1845 58
2759 2598 42
1808 2277 66
633 1505 78
290 311 40
2017 402 69
543 2848 26
1760 2057 63
1646 1490 68
526 2386 10
649 339 13
1162 2358 20
437 815 75
372 1876 90
1429 555 10
1077 2784 75
435 1976 40
1048 2529 90
2633 367 37
323 1445 3
994 2086 34
1452 2275 41
1925 201 55
304 1378 91
1433 1260 25
1826 1125 90
1189 2707 35
1847 719 83
614 428 13
48 2026 40
2727 709 66
2565 2965 87
2473 976 50
2653 2953 29
1509 2343 0
771 1611 78
763 1188 68
2 2960 68
1373 1666 60
418 1385 1
1485 2619 46
2613 1696 89
894 804 19
219 627 88
461 1295 52
2643 90 47
1965 1124 84
2525 953 92
110 197 97
2805 1112 56
2256 730 31
2034 1501 71
438 2656 65
236 1469 24
386 972 2
1652 1471 80
1925 2380 8
1599 137 67
1728 812 31
2684 293 58
2140 2887 88
77 2559 59
1530 1630 76
2140 1638 91
1860 1276 60
2094 328 37
2053 385 39
2927 2728 96
2304 2368 96
975 1813 83
1391 148 46
2333 559 27
2773 1601 7
1495 552 35
1460 1652 71
595 2720 73
1088 2467 75
163 2612 74
1649 930 28
1395 583 33
127 2045 0
985 1990 72
1638 771 93
2696 2373 61
908 716 0
1739 827 97
872 578 89
772 2693 58
999 1478 66
2610 642 95
1567 577 54
1454 992 2
2226 2994 45
374 2548 83
444 2881 75
1670 1847 18
98 967 94
572 67 38
991 1789 68
2460 2512 0
1812 2434 77
2575 1617 90
47 990 40
2705 484 43
2814 1564 0
1298 1682 75
370 2923 98
1051 1864 77
2023 260 64
117 467 70
919 855 97
727 1665 0
888 2969 13
2398 1244 59
2850 2456 5
1810 2428 13
420 1882 32
2266 1387 31
1464 501 80
585 1702 73
653 2594 27
388 954 2
1866 1168 47
371 1137 33
312 1862 20
101 2555 85
1086 1117 41
1763 1648 32
667 1953 46
213 2594 7
75 266 29
482 508 2
494 1571 6
698 955 44
1444 1224 78
1101 31 40
2303 1925 28
2559 589 70
2849 2912 88
563 2400 41
1514 505 44
1711 2375 84
2106 258 97
2394 2159 23
415 2096 22
1258 873 76
396 706 5
2795 2387 43
141 1139 88
2839 2277 72
752 1396 82
771 2585 29
2584 1447 68
939 2999 15
1522 242 12
707 1631 48
2454 1971 90
2209 1458 25
727 1868 64
2555 1905 89
1207 355 96
2323 1341 49
634 2784 26
1786 1611 22
869 2258 11
800 1804 85
503 2362 8
1922 2040 1
937 12 47
2919 91 48
2160 1405 25
1090 1330 81
1888 2795 38
2411 1984 47
655 1371 2
1100 761 17
1965 1539 1
423 2815 9
1053 2 31
2585 2089 7
944 1535 64
1812 1627 84
1755 95 85
1449 238 55
2415 2741 56
1609 1019 27
862 2248 79
2343 2731 51
1251 2096 98
979 138 6
1991 1301 13
2781 1451 69
2286 1277 42
2541 2355 35
2658 2799 61
2380 374 84
538 2113 56
593 2373 71
31 252 53
2399 623 0
2036 2600 66
2192 1546 64
1303 1281 52
1809 1933 22
1482 2089 42
704 1869 40
136 65 5
2612 2672 26
2955 625 10
2156 388 46
2868 2614 13
1796 726 65
1085 2181 29
2256 1188 16
838 2998 15
2499 222 33
1468 2629 43
1916 28 61
2790 424 41
1447 347 19
81 2382 89
2105 2403 49
390 991 68
2545 317 45
1167 1270 38
986 1925 2
182 95 28
1255 396 20
2341 813 46
2278 1027 3
1724 1686 86
1365 2397 68
2616 1218 44
2604 1163 79
1015 1372 43
2807 2217 26
2017 1180 57
1869 1536 58
700 622 74
1835 1828 14
958 1899 27
2592 921 40
2089 536 43
1493 2146 21
828 94 18
1802 1943 96
2027 217 85
2403 1672 76
1685 711 66
1254 354 42
2643 1500 50
866 2209 34
398 2500 82
1916 685 93
253 1924 21
1248 1111 75
1043 103 23
1116 2723 85
203 1712 17
1084 469 7
966 104 84
2381 2065 72
630 1560 87
2715 2945 93
2621 2842 65
249 158 48
2766 1070 96
693 703 67
1683 1460 14
444 415 14
924 961 25
2200 1667 72
2249 2817 18
2813 358 79
1469 1086 75
2724 1246 87
1517 1282 71
2340 2501 35
625 2273 47
1006 2388 17
1243 2338 84
957 639 94
2260 531 53
665 2237 90
1971 27 97
1460 1184 91
1099 1491 40
2890 2106 13
2498 1223 90
2562 1125 21
995 946 78
1754 2201 23
1413 98 46
1687 478 12
2918 2482 84
2714 1356 19
1458 127 30
2401 826 92
2766 1024 44
1755 102 19
2288 384 21
756 635 68
2199 1410 13
2508 135 15
562 354 2
1234 115 10
1263 1074 92
984 2881 48
40 424 1
781 702 93
1896 2020 1
455 2979 78
1014 2007 73
2699 1066 68
985 524 64
1587 629 18
111 602 22
42 2187 42
2497 188 72
838 1613 33
2348 1831 50
1596 2659 9
2029 1117 24
2906 321 89
1225 2738 9
2469 881 39
2107 1629 13
154 685 50
2393 249 94
1202 1008 34
727 2672 7
496 2942 72
1650 8 19
2621 1483 27
1573 1705 44
158 2375 44
2491 934 52
983 2224 86
2463 1331 1
753 2955 26
596 728 51
1061 1010 80
2153 27 91
1491 2252 9
2726 2269 34
863 130 21
1667 2049 17
665 2011 25
908 162 50
524 1215 99
2670 455 11
221 1680 37
569 2807 35
2666 92 82
49 106 94
2324 444 70
2259 33 56
1093 891 22
2605 887 57
498 1028 46
1920 2297 29
2974 89 59
2864 2479 72
869 1408 17
1663 1222 18
183 2177 20
1678 1454 64
847 1803 24
1626 2663 91
2292 1492 54
1030 249 75
1425 2493 91
162 771 37
2140 888 54
2363 2967 36
461 2519 13
1106 1285 50
1704 640 72
2353 465 45
2306 1126 57
2296 1546 80
796 1484 93
2194 1605 59
838 2556 79
296 1782 29
1556 2042 40
1536 279 94
543 1306 32
2379 590 35
1881 1516 77
2173 2017 78
203 681 23
2232 2575 32
2140 1531 86
1361 1397 53
809 2035 21
2537 743 33
1306 1396 86
1035 2673 34
2407 1804 7
952 626 31
1569 2808 31
1731 707 46
1678 942 45
2330 961 47
770 1426 87
2614 1686 5
1539 365 21
44 2502 57
2120 716 38
1131 1388 44
1439 1535 1
988 891 40
232 834 41
765 2356 33
1786 1528 9
1363 300 5
1530 1131 10
1705 1797 18
1316 996 89
2833 2618 3
711 460 35
690 420 46
2860 1445 90
145 370 13
836 1110 68
906 707 56
1701 1479 94
254 126 13
2646 1443 14
515 787 90
2197 2569 33
148 2130 4
862 836 60
2230 611 9
1568 1030 38
932 1001 2
1191 406 4
2579 1673 10
1965 37 19
818 1049 12
1646 718 38
289 2690 33
2672 1989 53
544 2165 3
1770 2569 39
2968 837 24
1456 2388 66
296 2658 86
420 2832 25
2276 309 91
2842 2721 87
1109 389 83
721 1587 77
2924 2438 14
1662 2855 77
706 1419 43
1302 2612 21
692 407 18
2144 1748 15
879 2521 48
1651 1087 75
2879 2858 83
1946 187 7
2288 2925 95
1860 320 90
2767 1656 54
672 446 56
2879 1500 93
2203 1309 8
585 2289 71
580 2127 50
941 1502 93
1994 1157 21
2156 2803 66
1828 1288 12
764 1935 72
833 920 2
1202 1048 6
1913 1361 10
2784 2064 85
771 2392 12
2938 789 1
769 2809 88
1774 1774 67
2838 2456 98
1228 2753 9
864 1720 9
125 2905 7
2418 1900 28
878 827 3
955 739 40
19 680 93
257 1792 26
1237 359 39
1981 2552 83
442 1979 7
2889 1780 65
1783 794 63
2013 2925 61
1397 2361 85
1095 2007 56
544 1605 24
1056 2892 50
1085 2420 31
1516 1786 34
1491 1647 17
947 2889 92
2296 1834 23
2172 2048 23
1291 166 61
1981 941 61
2443 245 96
2229 2373 0
650 703 28
2731 2941 23
1942 1710 88
13 788 79
2073 1220 37
555 1814 31
1000 1997 11
2008 1917 2
2128 1245 39
629 1699 33
596 1884 76
729 2413 3
2591 2403 64
1695 298 42
540 1245 64
1222 815 60
989 1770 49
297 2091 24
252 2321 40
1713 2835 16
2489 796 48
2664 1858 43
2081 2580 7
1436 670 62
1863 166 63
2055 598 72
1331 1861 0
493 41 49
2644 1237 82
1619 667 63
1816 2610 42
619 413 80
2108 1306 47
1806 452 96
2571 2500 77
1456 2535 11
1587 102 84
2423 1883 13
1932 2079 82
1000 1616 58
2843 807 9
415 765 30
1072 2317 58
1281 1272 57
1757 2740 7
2311 257 93
1971 587 43
468 802 88
298 582 52
1977 2457 85
1293 1716 28
394 1291 71
2107 912 32
509 2292 77
1227 1205 91
1691 183 81
2270 2632 4
2318 2114 13
1374 849 52
2827 915 37
788 255 77
2851 1968 84
377 246 20
406 2162 45
2745 2341 32
58 1494 54
1094 2513 38
2398 2505 39
1251 1073 47
1219 479 17
2145 1446 0
2498 797 41
1925 840 99
9 2656 43
992 690 74
458 79 88
973 300 64
654 67 30
826 2852 75
177 2734 20
2893 23 40
1959 2118 28
2376 2945 53
35 565 26
670 1712 80
526 1959 60
1977 1200 74
2783 781 6
1987 501 68
1192 2714 41
1705 2694 30
2230 1614 98
2139 2546 62
767 2854 48
2828 1530 24
2692 2114 87
1960 1114 45
464 1643 19
1326 1948 44
1863 970 55
2360 2908 98
2063 584 25
558 914 30
479 803 99
1785 0 51
2554 1980 88
1908 2852 60
829 243 82
2065 2881 74
1380 1570 39
2352 1641 44
2775 1072 33
694 1141 9
1595 826 45
2204 777 89
2250 778 60
1571 60 4
1716 2597 88
1716 1756 28
929 1930 46
787 94 14
2278 2568 33
2220 891 23
2246 1778 89
698 616 0
357 2532 3
2962 982 96
1759 2541 61
2425 2184 15
2752 2524 18
93 2374 69
2899 897 98
1634 327 25
372 2688 51
1557 1980 91
2861 1988 39
260 1199 70
2411 1233 26
452 1946 21
680 2636 36
2745 2925 23
1976 1342 99
2724 929 51
628 2667 98
1357 241 50
2452 1149 0
1491 811 14
2753 2210 42
1553 1228 64
1215 213 49
524 442 54
1217 940 12
2184 449 28
2463 963 97
2287 0 86
1443 1438 18
1120 912 97
605 946 89
2570 2337 35
990 797 92
1317 1903 30
865 952 19
1297 1654 28
1274 2183 61
913 154 24
1698 1550 90
1148 356 24
2901 2318 5
768 2140 87
155 2728 55
335 1485 0
1629 2754 1
75 815 37
1531 2461 10
1047 981 55
1674 1838 88
811 2721 16
315 1312 97
1331 1943 8
1974 2069 52
2016 664 59
1686 551 87
1872 345 63
2376 2901 13
1889 1632 88
12 2539 90
1657 2718 15
1717 2859 72
1645 1449 71
1168 1081 71
606 2852 86
2944 2240 31
2778 879 73
1659 2792 98
1387 2021 2
1620 2116 47
1622 1925 2
2120 1899 34
804 969 83
1568 1538 74
2156 2017 0
2579 1432 48
1047 1044 9
546 1556 70
2241 39 93
1196 2513 31
2121 2972 96
328 2288 39
2415 1399 55
184 1658 84
2525 975 89
1371 2794 85
944 2920 75
1161 1324 71
2466 2235 59
2540 2443 56
1654 1497 39
1709 2057 2
2323 2037 38
916 2697 91
2402 2189 87
997 1120 67
1949 926 23
591 848 35
2691 744 58
2512 98 72
1355 1771 9
1753 448 45
1304 2512 16
1855 198 62
2157 196 18
164 704 18
545 813 95
2154 433 54
618 1800 29
1561 2932 58
1546 260 43
723 2817 12
1906 1831 39
109 730 90
337 721 75
1274 2116 81
257 465 43
2959 1450 21
978 2956 34
2274 747 95
2400 861 63
2255 814 50
968 1926 17
2785 1932 70
894 2012 92
2984 536 61
102 2499 17
1109 2752 90
2638 944 66
1770 1603 55
437 922 87
1477 209 63
273 1031 72
2586 91 58
2392 963 62
183 2415 48
535 397 25
1707 2184 44
2022 2073 94
2873 2404 59
929 993 47
361 1928 59
1415 1016 15
1466 2662 92
2058 2398 31
1179 1188 73
1946 1089 80
481 1500 80
487 1341 61
1241 798 89
1573 908 9
950 308 41
1467 425 50
1704 1736 67
54 285 85
1921 1628 35
2215 1604 44
2050 1655 19
1881 1619 48
656 2631 41
1178 1273 89
1497 1338 76
1674 2325 65
2829 2650 36
1989 1298 83
749 421 39
437 1734 84
1215 22 87
193 1842 22
316 1122 25
1179 2291 71
871 2904 93
100 462 83
2890 2289 17
1391 1018 20
1303 1375 67
1392 32 8
2641 2998 58
113 693 1
687 516 18
1718 2668 36
747 523 97
1073 2552 15
256 2928 15
2619 2343 48
710 544 10
104 40 37
1012 2034 44
217 2068 35
1104 2032 16
2691 1197 46
853 223 78
2233 962 90
428 2124 81
1489 425 84
2286 535 96
2662 363 35
2667 1437 55
2575 154 70
1663 460 63
2316 1094 47
1518 2509 64
2112 1524 34
806 2381 90
2634 415 62
1580 1919 26
370 1850 44
2018 2716 61
1422 6 26
703 1039 10
214 1751 32
1985 2684 1
535 502 63
564 12 40
2711 1537 78
2781 2334 51
2040 2710 38
1507 349 51
2350 606 95
2171 621 88
1675 725 7
1628 1265 86
2373 2289 85
1981 2655 87
1394 2506 16
2091 651 87
1242 1182 71
1552 1095 21
2301 387 27
325 2140 91
2830 2957 51
304 2672 21
2017 1855 23
1251 1578 98
886 388 21
2011 1100 28
509 822 78
959 953 59
2368 1041 17
1460 1253 50
586 1807 26
2749 273 64
2825 1270 95
1922 946 46
1531 570 10
1268 1808 59
70 2453 4
256 2454 3
1 143 19
2734 2344 28
2993 2191 40
1957 2517 65
372 2031 6
588 955 45
2654 2823 18
2687 2096 7
2951 1922 4
190 1381 10
2798 2117 44
12 1914 64
154 2593 59
2657 2386 79
115 1056 40
282 339 27
566 1582 31
1090 2713 31
2604 1684 58
1504 748 58
1083 2552 98
1507 153 74
1522 2685 84
2541 1755 39
253 1676 3
803 1434 82
2331 746 70
1255 64 10
680 2360 78
1227 2382 10
1087 1230 42
1703 1953 17
1312 170 15
2671 729 6
2201 2794 84
2915 667 10
637 969 84
1282 326 58
2311 2904 45
452 681 33
2350 2138 72
2837 859 61
2756 2004 49
2570 2233 54
2549 806 4
929 1495 66
1925 468 25
804 2644 6
1699 1642 98
2251 1234 62
2034 1842 7
1589 2597 36
2189 2544 51
1264 2973 79
2855 127 97
540 725 50
1486 2996 6
1761 339 28
315 2235 71
963 454 88
2430 266 5
65 903 32
584 1738 88
2282 2534 96
2867 2302 31
2470 2320 88
412 1441 30
2037 1902 35
1878 2428 55
2492 1297 73
1078 2274 10
819 586 91
504 529 98
248 637 57
1452 645 95
273 875 22
1894 2682 33
2660 1250 85
2644 383 6
2911 1507 6
82 2692 8
1894 1381 59
2753 2480 18
2713 1271 94
2043 2564 79
2294 798 94
1744 2511 23
2034 939 4
2975 2440 34
2232 812 31
2098 281 69
2468 1882 19
79 2973 69
1198 2467 81
1739 1491 14
2682 1333 0
795 499 93
2227 940 40
1572 1411 16
2762 2942 91
1583 1591 45
1028 2486 53
1742 86 64
1933 2652 24
2181 2760 74
2351 347 73
2959 1862 18
2154 1552 43
1604 2476 90
1161 1293 47
2009 2635 95
475 1352 0
1 763 34
747 865 88
304 4 40
2077 2051 3
637 212 85
1685 2708 58
1915 2462 72
2502 374 6
2406 823 43
2390 1061 87
1271 1988 31
1410 470 49
465 2772 14
299 330 94
616 175 4
1959 1527 81
2920 938 83
1910 727 26
1824 1240 32
2515 2859 40
2479 1707 45
25 2667 11
2740 1597 45
770 1526 68
1917 870 15
1643 700 22
2852 1505 50
2228 1560 67
2945 2740 24
466 262 49
2107 2463 16
735 1804 18
1513 408 94
1018 1247 46
2735 152 48
561 568 13
2970 689 49
781 2711 55
218 1706 34
417 2581 22
1092 1714 73
1124 1997 87
1394 948 86
2414 2994 29
2741 2781 23
62 2444 59
1629 1048 53
768 1258 47
2921 779 1
1127 1127 11
352 2793 39
1935 78 13
2144 1159 16
1802 313 6
2098 1773 27
1905 1824 51
872 1652 89
866 1418 79
443 2676 83
960 2852 81
2955 1396 50
1934 422 98
450 746 36
995 2526 46
2298 626 70
2251 2863 64
1295 1378 80
2028 807 76
2659 2027 16
1719 1206 90
1157 1149 74
1154 1241 42
2577 361 17
195 1685 59
763 545 58
2016 812 51
1371 1952 44
744 1688 75
2316 2845 71
2062 1945 30
2480 1093 98
1430 2669 59
773 420 85
2575 678 19
2696 628 89
2777 56 83
2727 1456 67
2979 2898 57
2669 345 48
565 67 21
1781 41 4
2493 732 85
2987 1193 88
2181 501 91
367 1006 68
392 1150 62
196 1098 22
2934 1129 71
1807 164 66
1790 2639 18
865 1321 69
1889 1058 79
282 2029 4
2690 1608 76
1797 763 90
1001 429 29
947 2187 31
2503 2406 50
1595 1070 69
1322 2639 95
2564 1174 40
1160 665 86
667 2705 14
1939 1888 65
278 1498 18
2506 1788 4
1336 2161 0
621 224 33
659 1356 32
2999 1605 94
2325 1174 33
2997 1992 56
1185 1751 30
1724 1854 79
2472 718 94
1847 1923 36
1072 2938 4
2662 1581 68
1279 1024 65
1427 2237 30
2991 2549 35
1376 2056 40
290 36 60
2477 1827 57
107 836 48
2761 908 62
2848 1601 92
888 2613 18
1249 2307 52
612 375 32
733 2519 19
1098 1266 50
918 514 56
1215 2844 63
2251 886 41
22 2402 90
956 2659 77
481 1494 57
272 871 17
494 2304 97
46 1363 36
270 1536 26
552 275 3
1288 1849 55
2943 1750 37
2997 2532 43
84 385 61
2828 735 56
904 110 80
1604 154 22
2778 747 3
1499 1227 35
376 1293 75
2762 634 86
2414 1699 14
2921 465 5
656 856 5
238 100 94
2825 2002 8
534 1933 53
1942 1359 95
2526 1208 80
880 1282 57
1330 1998 25
1737 1291 65
1443 337 97
2928 357 60
2616 369 61
1469 864 0
1467 934 6
2792 2702 85
2116 1250 67
1625 1004 33
695 1020 77
990 2071 6
2976 1605 59
312 774 97
2103 1661 61
877 2210 84
1580 1450 24
780 730 7
1619 2013 74
1855 132 92
556 914 42
2456 1484 2
1675 1606 72
335 2207 54
455 2852 54
2911 859 56
1361 881 58
2449 615 45
2797 2861 84
800 825 62
2182 1743 82
1750 872 47
368 662 15
1805 800 50
2659 504 16
1322 2822 2
831 2031 3
1915 559 81
1881 132 24
1495 197 79
231 1172 82
1556 1982 93
2547 1655 28
743 362 7
4 1774 71
1586 1279 9
819 490 93
2916 1274 64
2047 2508 63
46 2950 47
2938 1734 31
1828 2954 5
1184 2659 80
234 698 27
756 1787 87
1155 2983 44
2565 2100 53
1674 2948 93
363 2218 61
2368 231 63
708 1948 35
2105 439 18
428 1407 67
2293 2704 22
1054 1313 1
722 2209 10
1279 2442 9
1984 1432 83
2957 402 75
2430 1450 49
1123 1463 17
2526 2500 80
72 343 94
2045 107 62
626 475 81
538 469 92
2188 1410 64
1032 49 71
1600 1689 71
2809 25 0
2965 2277 78
861 2026 2
1394 2702 25
2714 742 73
301 2902 73
675 303 24
2629 2649 29
1059 588 49
2765 1176 61
96 2403 48
916 1047 3
2694 627 74
2634 291 59
2105 731 87
863 813 5
2774 1723 85
1251 2398 47
2745 1399 86
1785 2750 14
395 1323 80
2616 1811 66
1348 1031 88
1808 2959 38
1573 53 3
1197 2498 77
726 2362 64
2867 88 65
568 2392 36
751 418 5
2647 1356 69
655 1516 3
1012 2974 32
1326 2053 20
1274 1622 53
650 500 8
1224 703 8
2077 2627 76
2021 2691 91
1365 2249 36
1007 2646 36
1126 2049 27
2522 144 5
220 809 40
699 1563 11
425 298 40
86 483 25
1999 627 73
1304 2776 44
2615 2294 96
2713 352 34
1254 1532 1
731 2777 12
1146 2129 67
279 592 13
1233 2004 80
1404 2662 4
1655 2535 80
582 371 37
1270 1764 65
953 115 60
1095 710 95
1705 1264 56
871 1811 1
2525 1697 0
451 60 62
1451 1810 28
435 681 60
0 1030 15
2710 1361 78
247 2742 25
20 762 18
39 380 45
2672 1311 43
1807 2035 20
537 142 52
2582 478 25
1496 2689 97
2770 2041 79
2101 400 23
1005 1472 7
2289 2073 41
587 461 86
1369 93 24
1560 2359 95
2985 846 32
1567 2676 2
2677 1799 74
331 1199 3
751 1276 42
950 398 28
1668 1049 56
1973 68 46
2723 2278 37
445 93 44
2585 2837 90
2587 908 85
2842 217 19
682 2071 30
2077 2372 49
2072 363 45
2650 2946 35
1529 1664 50
2099 484 29
1739 2078 49
523 1018 52
535 2740 64
2038 265 11
2473 797 89
207 1191 79
2148 236 26
2649 1572 80
2843 787 23
1211 2735 25
749 2758 17
335 8 69
914 320 90
2751 152 82
2522 2082 25
869 502 91
1209 2905 97
1115 2243 77
285 1883 60
2493 2759 37
372 2902 25
1315 425 28
2075 1955 41
2653 1210 96
2591 1845 66
2100 605 92
607 1523 77
2503 597 71
1169 557 74
2912 300 97
2852 2385 17
2322 2368 96
2002 2398 26
1287 154 11
1570 939 18
1417 1287 45
194 391 94
2558 2150 69
2717 2923 2
34 2168 42
795 2064 39
876 2439 73
1633 1452 17
499 589 70
2985 354 16
699 2624 35
498 172 47
2752 2556 13
2208 2315 45
1101 114 85
1931 1138 6
1240 1140 34
2517 711 50
959 1464 68
612 2987 46
2074 1898 89
2937 420 95
2314 2232 65
1752 2391 95
706 2420 74
2251 917 62
2992 352 19
2399 2162 8
2088 1413 18
1269 1057 27
596 1094 63
433 2344 74
2738 2898 6
1730 349 52
1957 1684 80
1172 752 43
2169 1635 83
1917 2944 8
1732 1579 92
559 2621 52
2803 1421 25
2428 141 77
2725 382 11
278 2561 96
255 2054 27
2806 1334 47
2619 1265 83
2352 2883 46
2774 2250 62
1778 807 56
2847 323 20
735 347 60
1368 222 79
2801 1770 93
2363 2802 69
999 2380 89
509 410 34
2366 962 58
2722 1878 51
1859 2737 61
2318 43 37
1060 2610 97
1106 2447 29
763 1683 4
2899 2985 39
992 2206 27
916 458 27
17 394 9
2878 2701 49
2345 2666 21
1555 1401 39
2965 2987 99
1719 519 21
524 578 29
2133 2554 93
687 1121 95
1218 982 29
1028 930 40
2839 234 67
829 2479 75
2023 1577 88
1377 1488 35
1116 2938 81
700 1685 72
2200 1925 84
1975 2470 15
2150 178 17
580 2296 11
873 2870 16
562 197 93
1342 2661 78
654 1112 49
2075 35 68
1903 1439 94
497 2981 48
2552 717 23
857 172 74
358 1483 4
660 216 23
188 777 87
1736 287 30
454 2535 34
2378 2386 18
1181 1212 50
1856 1939 66
553 705 85
867 1115 98
1284 516 26
1464 907 51
2210 438 95
2951 20 84
1065 692 99
1746 647 78
539 1959 67
1540 1325 78
428 207 3
2754 567 95
2258 1857 57
69 922 4
1381 2821 89
517 1073 74
2046 1805 24
268 1103 47
1714 613 0
2944 2747 99
1942 2296 73
241 1856 9
1913 2452 93
175 2356 72
2826 147 86
2283 1477 12
2894 1853 31
1999 896 53
1470 2222 75
1255 1942 16
2119 2066 36
654 1474 64
651 1385 4
47 1819 10
2829 434 35
2570 2286 5
1231 1723 20
2173 782 94
348 699 64
303 2190 19
1879 951 13
768 812 8
2646 2147 0
1894 596 43
764 635 47
839 2520 11
644 346 94
2298 2025 89
2955 2955 86
788 610 74
2702 58 42
1188 2198 94
1560 2998 62
298 232 47
77 1233 52
10 632 46
1397 615 34
754 2611 37
1078 1134 15
1140 1152 17
2695 232 13
2267 868 37
2577 723 7
848 2114 71
1418 2090 7
1129 2032 72
2658 1587 95
1487 2158 7
285 1784 27
744 2841 79
855 2317 67
655 2973 51
1943 869 60
625 2734 94
2746 223 6
1698 2813 2
1451 875 54
1667 2389 65
961 598 48
1904 544 66
2585 1262 43
598 2903 41
1787 2286 94
2288 521 89
1991 193 90
1189 2892 15
165 2581 81
1589 1136 2
1927 2287 86
2218 992 7
653 1085 84
2615 2799 4
674 132 47
1519 2430 99
1709 537 49
543 662 71
149 1814 61
1049 1595 0
4 2712 42
224 2219 13
2642 2454 65
2696 213 29
1113 2232 12
2290 1197 78
201 1804 8
2573 44 65
1465 2253 92
1233 674 51
1752 1410 14
555 1105 75
1274 2483 77
2854 2110 64
2696 559 71
2802 2014 58
1336 2160 6
172 2438 96
241 1360 24
1920 2086 81
2111 2886 12
1734 2205 70
504 1778 44
225 845 65
1338 1032 2
1327 702 61
1799 1091 13
2137 818 3
554 1963 99
2442 1115 36
301 226 54
79 1196 40
2906 799 36
2164 749 55
1583 1629 17
1781 1609 20
1770 2310 19
2599 868 56
1823 130 18
1717 2702 77
1434 468 23
241 2681 78
2482 2207 97
2990 1476 33
1721 1080 58
1500 241 34
2208 2126 39
1376 2287 37
757 1570 20
751 2324 99
2935 580 32
2061 2452 60
1277 486 17
2101 2446 68
2376 2617 56
201 2634 84
1517 2488 68
1861 613 44
1773 1109 56
2506 2617 32
2505 1633 37
2778 2211 30
2490 2985 98
668 2834 1
2373 2633 36
1212 453 5
700 1804 40
847 1135 45
2595 822 48
1503 1196 1
2903 2367 97
1338 516 53
2093 1500 95
1450 532 75
467 1835 49
20 1165 14
2717 573 43
2259 1427 54
2736 1458 98
1473 841 23
427 195 9
1386 371 23
1169 2764 55
2434 2095 53
1374 2820 11
179 1203 10
718 1851 24
976 1439 71
2614 1062 72
2552 2330 21
1310 2785 51
1571 1411 83
1305 1587 22
1455 2957 73
564 961 54
1902 1287 30
2147 1022 28
951 1314 75
1200 1307 89
1462 1125 7
2243 1679 6
2825 1893 54
2465 20 9
1819 534 50
851 2629 60
2501 738 46
2377 1158 81
1949 2837 7
103 1322 59
1915 659 55
289 2804 52
1883 1645 92
993 1971 4
2420 964 34
1886 2425 0
2121 2278 7
2931 1735 59
1056 1789 95
403 209 6
792 2883 31
1022 2848 0
1953 615 28
1968 1784 46
2763 640 75
1122 969 56
1136 97 77
763 938 37
2510 1409 64
478 2031 58
2183 1508 86
997 299 24
2754 1308 0
2186 2667 78
1150 638 41
2695 2809 3
2487 1419 55
2082 999 70
322 2467 99
2357 2639 42
1642 780 51
1302 559 20
1851 2434 28
2339 2555 30
1039 1676 19
1535 2858 3
2110 2766 5
1575 2370 15
760 963 19
1667 257 69
2883 1555 15
695 1635 77
528 2136 0
2404 199 1
2528 2507 13
852 1137 26
1073 2975 34
404 403 21
85 344 11
22 221 83
397 601 50
1886 514 35
2689 1564 96
1153 540 77
2571 1340 25
2321 745 28
1198 919 19
2471 2901 50
2776 380 21
1205 1242 68
1752 1704 18
471 1342 82
2913 514 67
394 692 44
2980 447 19
1286 2856 7
2782 1756 12
941 2840 24
1463 2634 53
805 776 81
2481 2036 37
2118 1049 93
2645 2053 86
322 1287 34
703 1908 49
1160 1028 15
492 1238 29
2610 405 42
2215 2249 41
1560 1313 42
703 1681 1
1671 2794 81
2338 575 26
553 1353 30
935 1825 75
2205 2853 49
2089 573 4
2126 1513 64
520 1888 33
603 1681 70
1061 2633 35
833 14 95
1848 1856 59
2487 164 27
907 2183 26
275 769 28
1118 434 35
1458 298 15
1823 1485 77
2300 2925 56
1936 238 28
1918 419 49
203 546 52
1709 1111 59
1461 2339 48
708 776 60
1015 224 14
1891 2270 45
1509 1857 34
1202 51 18
460 1454 55
1277 1067 23
1918 60 97
2268 624 38
2516 1586 96
2473 1683 73
1601 828 61
2073 431 75
741 1519 73
436 747 38
1964 2970 49
1593 516 39
1590 1778 82
856 995 19
1882 2916 87
21 1065 33
792 2163 13
2498 2478 16
608 2868 36
1343 690 75
585 1777 19
203 2145 7
2201 140 96
2802 602 7
2638 237 76
215 1691 79
212 2206 65
900 1692 55
1031 2188 29
468 2348 93
2228 2299 65
899 2836 15
2872 2814 88
204 1978 80
1025 938 73
1534 1592 14
525 2204 1
2373 2663 58
350 2691 40
917 529 28
1981 153 84
504 559 13
516 628 29
1106 1455 54
2251 2887 77
1897 2657 36
340 1226 72
1000 1604 26
225 453 64
2198 916 63
1394 419 42
2124 1056 22
1830 1854 77
1979 556 21
1145 2787 23
2195 1533 80
2218 2013 70
1836 1373 36
450 1717 25
2412 76 8
2727 2911 91
2035 248 81
209 2853 31
1519 1352 95
3 409 66
2268 924 73
385 1274 27
2348 1329 26
1596 2539 77
2182 15 7
2295 2120 66
2976 468 18
1522 1612 3
2636 1773 66
1989 1990 87
733 993 62
108 2647 5
2548 2192 2
2393 556 60
2897 942 40
420 2054 94
1935 2817 35
1789 801 29
1682 1867 80
1725 2717 53
226 2007 30
1568 2444 87
608 2718 30
703 10 42
2284 1149 63
486 1905 40
450 1415 61
1951 1355 3
1168 2441 34
1995 2461 78
1188 1790 93
1429 2319 62
1053 2730 73
958 2228 45
1056 1684 41
1832 1016 59
867 178 66
1228 1474 37
1804 1704 91
1869 2192 13
2327 2317 85
2498 2225 65
1996 1147 0
1097 2524 82
1442 2657 68
727 1722 5
1729 303 43
851 822 71
1086 2558 74
2169 694 66
1521 579 94
1614 2982 83
514 64 65
2328 798 71
2864 2490 88
1341 1219 47
1000 1651 4
0 1769 10
2847 2414 77
2263 1022 95
1252 959 0
1883 117 0
2579 2711 74
2518 1783 3
1031 2861 65
2303 2001 45
160 2184 11
2283 371 52
1364 1152 16
2460 2234 56
1495 1988 31
548 885 48
1354 2295 34
2752 468 26
109 1845 87
1562 2524 19
1642 290 84
943 730 33
589 2510 37
2012 1845 8
1146 2460 5
1741 513 75
2145 1562 95
2480 505 36
379 624 20
886 2353 67
332 556 19
2172 2633 94
703 2456 79
505 349 31
1434 2760 69
1328 1193 63
1335 1322 91
1313 1773 23
907 2666 80
2662 1666 27
259 2419 9
276 2528 58
2325 2342 44
868 1652 87
1114 1961 92
215 1999 67
1458 441 20
2345 2147 52
2683 1683 89
1834 2127 25
2449 230 31
23 504 97
252 893 56
2624 2870 42
1352 219 96
2657 1370 69
2499 2177 28
1546 946 73
1681 2933 99
2181 222 44
395 1840 77
2997 1038 39
692 1914 29
2260 1868 70
2537 474 52
2113 653 52
669 2822 71
2448 1996 36
39 378 10
1708 1891 21
1006 416 86
2277 368 86
1912 1686 45
870 713 48
679 1886 1
683 1914 65
1523 117 64
702 1185 58
2645 1478 84
835 2289 91
2636 2402 74
886 1578 8
856 2431 28
1336 2327 95
1113 2056 89
35 2390 78
968 2919 0
1865 1343 69
1882 311 55
1224 881 64
491 2799 10
748 2380 6
1876 2886 84
323 2828 27
935 932 25
1925 2236 48
1231 562 2
767 194 47
1470 2720 6
2336 2566 10
422 159 26
1244 1897 5
946 944 36
499 609 89
2054 1044 57
605 197 31
278 1223 61
2160 1831 86
1274 2692 26
1577 1401 85
1551 1883 78
2618 2625 42
349 474 52
116 2934 46
2562 255 91
70 2707 90
264 2629 78
2191 2816 88
935 930 91
667 1330 1
686 1333 73
2246 2015 81
2789 406 85
853 2773 55
1566 1196 87
2280 355 43
2599 43 15
2279 513 12
2168 1217 18
476 219 81
1918 717 78
2880 2657 76
43 2329 36
2010 30 58
113 907 79
2096 1109 52
2101 55 72
2904 1658 83
338 514 93
1211 849 77
2780 2782 67
479 1069 84
1290 506 67
549 1857 68
2148 333 36
870 1578 63
2727 495 87
2663 1362 93
2553 2714 85
557 102 91
1523 939 23
193 2668 77
583 2890 20
2148 1939 6
2560 754 99
1809 1503 54
2015 993 21
1197 139 7
2530 47 48
2691 98 65
1780 1037 32
1080 176 43
21 365 84
73 1259 30
2734 1736 94
310 2419 10
1969 2489 34
2485 747 78
2590 454 67
1952 1211 68
2 598 80
316 193 38
195 971 7
1497 735 27
1444 329 46
46 1385 10
2411 2817 14
1017 2863 79
1974 1390 4
429 2094 77
2261 209 96
2044 1319 89
621 163 79
522 1549 56
974 2504 74
2603 589 89
644 60 49
2102 219 32
513 1292 17
1154 2053 47
2121 1039 39
319 625 59
692 104 56
322 1858 79
2483 129 3
849 1445 62
1528 2788 84
1431 2543 60
2754 241 90
2712 1332 52
409 1313 26
1836 1005 10
879 2532 62
436 1703 30
638 1403 90
398 2599 62
2446 1096 19
2476 2771 95
2938 2176 22
2567 876 34
856 1165 15
1622 1013 86
2707 33 60
1781 1356 49
1125 2953 52
2062 2629 46
1538 334 60
1811 2566 93
344 1220 17
93 1648 84
1316 2831 36
446 2784 31
1076 1484 8
2349 2116 60
2111 1832 82
1938 184 59
1168 1689 35
482 1367 29
1728 1918 56
2110 2002 80
2326 2547 33
2779 1832 5
332 647 13
2709 930 57
2201 1819 31
97 226 81
2269 479 91
1471 2908 45
40 688 55
71 1270 97
1879 1528 3
824 1745 29
549 1724 79
2140 2007 91
2411 1898 89
1112 2524 15
1010 726 33
709 1723 40
611 1252 13
2107 741 13
1894 881 73
2550 1296 71
414 905 34
1281 213 67
179 2141 44
2219 1524 49
2597 47 41
1569 1882 78
2403 940 33
1722 1185 22
375 2580 16
2530 1516 54
244 2088 29
476 447 54
257 2346 68
1019 1841 77
2200 2484 36
2308 692 50
1449 1389 80
916 2102 4
745 1817 60
2247 1065 72
204 635 83
1228 1030 82
1229 1954 76
749 582 33
166 1468 19
1828 951 75
261 1497 50
1919 112 10
1881 1930 15
2124 258 99
2220 2140 73
882 1977 21
2841 602 27
2621 1034 40
2453 1907 6
395 1032 61
367 2980 46
151 2185 52
1141 2763 4
1427 1906 95
1243 255 65
2860 926 70
2219 1216 42
157 1769 31
199 473 78
349 2330 34
2964 695 72
1646 803 98
577 47 51
684 205 44
2931 258 16
284 269 61
2840 968 28
2746 796 10
696 1423 75
1627 712 47
1266 39 86
2474 2957 85
2247 347 35
636 2468 11
1925 520 56
1861 1693 22
1875 4 24
903 1820 89
292 2730 90
639 1601 4
2540 1973 22
1131 682 6
2220 271 58
219 755 24
334 718 72
2556 84 0
2846 448 3
715 1959 56
972 2274 34
1892 1317 15
2759 964 9
347 1030 13
2813 1603 91
629 2344 16
485 1227 33
639 2594 39
1204 2387 67
2415 2922 84
2996 1335 87
2714 146 49
1981 2221 91
2125 991 6
442 1323 17
2737 375 14
806 2724 93
1596 927 48
2670 1046 42
383 2663 82
643 770 21
2071 497 68
2040 2657 1
1426 618 24
2622 1900 25
941 2744 48
2076 2431 74
2678 67 60
790 812 54
317 277 94
968 1149 22
2928 160 16
2767 2743 47
315 541 66
423 164 67
2030 772 56
226 1576 2
1419 2643 93
2046 123 77
398 1532 75
2557 1182 96
2662 760 80
1303 2720 48
301 2384 28
2741 1809 0
2698 2017 45
1227 2896 34
1826 996 32
2394 1371 27
1792 249 8
2397 1172 19
1585 1752 31
1236 2413 47
248 1760 13
555 2775 22
1588 2371 73
660 312 50
128 420 32
1744 918 13
2191 1022 51
2317 2573 77
2485 1430 61
1591 448 74
1779 1728 63
179 1703 52
545 583 33
2570 2591 9
2942 1660 96
2380 199 92
2350 339 53
867 789 65
25 635 10
1454 681 91
1842 1142 66
977 2747 82
2507 2783 97
96 2710 59
2980 2007 33
2359 1286 55
2628 197 56
245 2633 46
1774 1194 60
1041 970 48
1732 1046 17
989 822 3
2940 2368 81
1048 500 86
1413 574 25
1926 664 69
252 2300 86
2614 2523 30
95 1566 41
2578 442 29
1014 1494 84
1973 1384 6
1299 215 43
1634 761 26
2030 2516 40
389 870 98
1994 1999 26
2075 504 41
2096 1618 83
2756 2771 7
31 2176 10
1743 524 8
2027 1430 77
1123 1912 71
2931 2190 34
2862 2818 78
2010 1184 69
2845 2581 92
2016 1704 74
901 2221 60
583 1913 56
1122 153 32
2384 371 8
2008 173 75
2058 2699 59
460 737 81
1406 755 38
539 2012 55
897 1672 17
1505 982 28
253 610 38
1239 1075 82
2495 2967 48
105 1556 0
665 293 85
2562 2429 16
170 1572 30
1498 2033 80
2699 364 25
2879 2738 46
1272 1742 4
1562 636 41
913 2474 13
743 2416 40
82 2142 66
195 2423 73
238 349 69
2479 2549 28
1700 1086 86
2661 1893 55
773 2367 47
452 1144 51
1052 719 95
1048 839 89
700 54 96
1251 2321 75
921 2367 68
1545 2716 58
2519 1096 35
1861 2014 54
2670 290 85
1278 1671 56
2130 571 34
1354 2343 29
696 423 0
716 2590 22
1572 2523 22
2708 2748 2
2461 1446 28
864 521 9
1401 1603 64
215 1598 25
134 752 35
1100 2208 65
847 2041 1
1927 660 82
357 1191 97
1539 592 25
691 2813 96
1618 0 22
370 1791 84
2056 1359 11
1972 922 45
2064 2009 71
1267 1156 93
1580 1789 13
1209 1623 1
1143 570 57
2955 1837 91
182 1390 67
2687 2135 15
98 619 13
974 296 64
223 607 74
790 1599 18
140 2103 45
1257 2216 57
37 1365 73
397 1048 24
360 2126 40
119 228 41
2271 1948 50
2739 229 9
740 764 49
1346 0 29
2458 1102 8
760 1206 93
2472 2929 34
1766 1953 53
1851 1139 75
387 1101 94
113 2483 34
1748 1228 26
2709 1601 55
1061 1223 78
1913 25 38
342 1160 83
2365 1404 41
1734 415 95
1035 442 75
1527 117 49
363 1040 14
295 527 24
2771 2382 49
1462 764 43
2211 2212 86
2128 1816 96
2812 1890 31
227 2312 30
1268 1553 48
2499 900 41
654 2570 51
152 1468 26
1696 36 51
721 2793 43
2735 1131 39
1443 2382 69
1924 728 89
2028 2183 85
2936 1423 65
1476 1500 30
178 2424 51
21 2469 35
954 2293 87
2971 2333 41
2876 572 48
1775 712 97
2793 1696 78
948 1362 45
2867 26 25
1700 1965 79
441 1670 24
1877 526 58
1745 1664 68
2942 1281 73
1408 1221 16
1815 460 29
1466 1783 8
2105 2150 69
444 689 69
2292 2919 32
1882 2082 69
1919 232 92
1502 2617 26
1360 111 87
698 2911 32
2956 1119 46
710 1275 9
2139 2873 72
2059 2981 30
940 543 45
2887 1709 14
446 527 77
456 2448 88
2586 2446 47
366 1406 25
1509 354 24
2478 945 74
2763 1485 93
503 2661 18
1012 2788 74
743 1337 93
2362 314 39
1567 1209 61
2421 2162 65
1255 824 93
445 2524 18
385 2352 5
737 848 8
2405 2561 99
1512 2191 98
1570 2772 66
2549 1559 43
85 2904 54
1681 2778 4
2591 1706 62
1031 2565 79
421 111 29
1348 464 49
1569 2989 54
2017 763 53
158 1550 37
2072 2739 81
2975 2188 89
1358 1963 54
2509 921 7
442 758 49
1196 2016 49
2083 386 4
1242 2719 17
2656 2452 64
922 857 55
184 2460 51
2464 1960 84
809 2468 24
551 2225 25
1679 1967 55
2557 334 17
1300 1040 23
2853 592 8
956 786 16
723 1888 32
2046 1574 61
2423 2018 75
1734 2367 6
1055 1531 80
2256 1933 83
1226 1574 89
246 165 3
202 1811 85
936 123 46
2914 1817 91
1838 346 93
486 377 87
2143 2581 45
2622 91 34
987 2896 72
2978 1356 33
2548 408 55
2758 297 38
1214 767 40
328 1381 84
767 951 17
2707 1587 56
1207 1027 68
1622 1390 19
1729 477 3
2455 2334 8
2883 1662 71
1284 2804 91
1754 2197 92
1045 1357 90
225 1825 74
2772 2053 91
2162 664 64
2859 827 78
2992 182 62
1240 2963 55
1333 2438 36
2719 2789 9
875 2641 78
2656 2362 94
57 592 52
2039 446 54
2232 999 72
1578 735 80
394 1996 61
2102 251 66
597 342 92
158 2746 71
2160 2129 28
1522 2105 0
2900 447 57
937 2677 49
2392 2669 64
2362 452 21
2081 2065 68
2697 1533 91
2641 2821 2
271 2601 22
602 1511 30
2107 329 0
1503 1948 1
738 126 82
86 2444 82
2025 2681 4
1917 798 37
1966 1584 2
337 1997 86
1055 1457 79
2815 2159 47
1462 1286 62
279 1183 41
2359 1990 22
1878 2639 8
2402 853 2
8 178 69
2474 80 80
2976 1801 57
693 564 69
2708 477 22
697 1186 40
2672 1395 97
2890 1281 56
2711 387 15
2236 678 6
810 879 93
1399 187 59
2294 2382 43
522 700 10
129 2554 43
1689 1074 36
578 2626 40
1434 564 53
692 436 3
482 2980 89
572 820 55
2841 2107 43
2735 121 34
1992 2049 31
1499 1812 87
1420 595 84
1823 1311 40
2623 1065 19
2379 1912 71
167 790 49
1704 2001 76
1385 390 8
846 114 61
414 1732 42
1026 2394 9
1755 293 61
1632 2708 21
1364 947 35
1233 181 40
2724 1112 49
461 2627 1
1129 2944 20
1981 2740 32
2177 2825 44
1662 2409 2
1049 2843 92
1146 862 33
2556 2016 33
1964 2358 48
105 423 19
2681 622 88
2213 62 81
2276 1289 62
628 1538 27
1871 1673 65
1880 2037 70
2772 1171 4
991 2682 93
2924 1767 47
217 1960 60
813 1876 37
1361 338 69
367 453 77
2301 1695 38
835 1585 91
1911 1732 88
896 297 25
962 1230 4
1473 837 61
1278 175 63
1902 1199 98
280 1871 43
0 1982 72
793 58 42
314 2300 81
65 229 91
1953 2275 33
116 2554 71
2476 1040 71
1879 1371 53
785 1445 94
1769 609 1
2045 1352 89
1573 653 36
1277 2115 14
987 2056 18
2109 2300 64
967 2277 6
2166 2929 74
1697 1583 91
1903 2214 72
2269 2632 97
1551 1282 50
1804 10 49
66 1203 55
2157 2323 3
1469 677 4
2444 374 28
617 2686 62
1529 72 89
1591 822 31
983 2421 41
1565 1898 35
280 1742 55
190 2886 83
2371 1398 94
1969 1959 84
48 168 13
2031 1804 43
2381 2833 21
2966 2049 47
899 837 89
1007 2861 55
2041 314 94
2577 1060 82
816 1792 65
446 1489 44
333 452 90
907 2588 58
1053 945 83
792 1791 37
433 1416 94
991 228 63
2651 116 14
48 36 43
2017 662 4
2065 1500 15
1123 2808 75
886 327 39
765 1052 7
741 1551 78
2215 1811 80
2834 1624 39
1303 1413 1
2406 461 4
2066 1660 20
697 241 87
1511 59 83
1785 702 89
348 1402 64
2016 748 21
1923 320 95
65 352 76
1016 20 16
936 1895 39
274 2522 17
2516 2602 12
511 1192 17
681 69 31
2738 86 96
1478 1088 95
1098 1968 29
1706 702 28
1295 1095 10
2405 1041 4
243 2738 0
1319 736 28
2103 254 95
2997 2791 79
2061 903 7
2628 2479 37
2363 108 28
2966 2310 75
93 1270 78
146 59 68
1255 214 83
1978 1577 83
1216 2778 26
2896 1568 3
829 1002 16
819 1704 88
269 826 31
748 2251 34
1406 2831 26
2053 1685 30
1021 1280 70
818 450 17
2323 2009 23
319 2416 33
234 2325 43
1133 1901 36
2626 2798 31
2177 2625 15
2526 1186 29
2299 451 47
1724 1250 43
2809 702 91
773 2194 79
102 375 64
1286 2386 90
1558 565 0
1764 1271 42
1113 1389 70
1693 448 21
2505 1659 27
2315 642 86
2423 1406 91
2670 602 7
2897 1204 74
2464 927 50
2267 931 84
214 2137 62
110 2422 77
197 169 6
164 2688 3
2615 286 55
809 985 69
1708 1426 32
775 2904 30
2780 807 92
890 2528 75
409 798 31
1282 1730 35
6 1764 5
418 1222 82
1384 192 82
1677 609 0
1287 2379 24
2082 378 25
2744 1245 73
228 1409 64
678 371 41
1275 508 51
184 1865 40
1931 1624 45
2483 2999 80
1721 20 16
40 1182 77
658 2107 23
37 1224 68
378 2736 3
1243 924 55
2234 170 45
289 2401 49
1611 1502 97
2290 2758 18
918 2061 96
453 2550 5
2277 2226 13
1955 713 9
2870 2479 81
2741 2205 96
2884 154 41
236 283 42
2559 228 23
2309 1336 72
1217 2943 16
2186 794 13
2047 1591 48
2128 1161 46
785 2893 80
2742 1251 48
1481 686 51
976 87 71
1045 2814 31
2737 1780 49
1548 297 62
662 944 95
2491 1099 32
278 2979 93
25 832 33
2195 368 12
238 837 52
2376 1801 53
93 1972 71
2414 1058 68
794 410 90
1254 2218 62
1228 2368 96
713 1357 74
2234 1586 38
2179 2151 57
502 2713 7
1271 1281 3
2638 1324 38
2994 286 67
726 994 41
1552 2274 61
2655 2820 97
138 2711 29
1793 2820 94
1591 604 97
1765 1888 6
2125 2403 3
1437 286 70
1531 359 22
2292 1946 27
230 2865 70
1371 1832 95
964 493 44
1146 1256 73
2811 1953 48
2334 2878 37
2104 1731 57
1356 2673 63
1153 501 48
1780 2034 10
2686 2093 5
42 2498 78
1639 2540 42
796 234 35
2537 317 8
824 1745 80
1116 889 21
1249 2916 44
937 2908 44
2935 2192 20
1740 1908 70
2262 1790 12
1102 2210 84
1412 2390 93
2609 2416 58
2171 2033 67
293 1972 29
247 1658 25
566 725 7
1232 2680 8
1279 2652 8
1575 2801 85
1169 1415 91
2680 2965 9
560 2645 39
692 2201 74
2736 1391 58
2807 1469 66
1308 2415 35
1677 1382 66
1788 2488 61
407 2668 73
704 1280 38
1723 1236 51
774 549 95
2656 979 31
1655 1516 61
254 2654 96
2038 601 63
2862 480 59
1811 1215 44
544 798 42
2378 1856 87
1976 2838 77
2751 1184 61
1999 1388 65
2126 2596 80
382 1046 98
2818 1785 50
206 2619 3
1585 75 66
258 1269 6
1045 2068 26
518 1082 76
1520 175 50
859 1744 7
2655 424 54
657 1768 47
2461 878 73
2998 1060 68
2776 2397 24
48 2603 16
2658 1675 67
1190 2658 77
2805 1420 12
2191 1450 47
530 901 60
2790 850 77
1219 1844 34
1333 2465 32
73 2639 70
197 343 52
1934 816 56
1448 764 36
1052 2360 23
1930 1291 23
2107 1644 24
1529 2127 95
2915 852 32
2728 219 17
2252 2891 0
2835 1772 74
2173 2906 55
2395 1149 19
1004 1889 80
2346 2693 92
1108 1873 9
1772 1225 87
2891 342 88
1714 2444 12
2706 1365 19
2250 733 8
59 597 79
846 249 93
1835 1654 26
2057 1404 65
1059 106 95
1939 852 5
1093 1083 49
512 1793 56
963 2667 70
1165 2834 97
