700 5000
41 267 34
600 269 24
278 658 12
664 105 45
181 27 11
491 195 42
627 536 41
604 402 3
292 482 21
516 118 45
547 26 21
338 469 12
467 399 35
94 3 11
522 233 23
464 441 11
253 568 47
344 462 7
437 259 23
641 229 28
416 235 40
442 288 6
640 542 14
248 146 5
490 429 20
650 306 1
593 48 29
23 284 4
556 640 16
376 631 8
144 239 26
123 637 38
18 682 29
441 633 15
439 258 4
130 677 6
173 686 21
45 324 22
670 229 27
173 197 12
186 690 11
436 655 17
555 174 31
152 50 0
141 24 16
630 307 41
507 137 7
387 453 33
245 509 9
658 421 38
122 446 6
430 313 18
200 391 12
255 610 9
324 237 48
183 295 41
102 550 41
36 274 20
396 221 48
99 68 34
581 534 3
599 518 38
600 288 27
467 228 43
148 83 7
321 310 17
413 414 9
616 35 1
300 349 19
56 398 3
624 508 44
409 289 2
395 185 43
343 423 37
614 403 48
0 158 18
280 196 48
581 689 48
9 557 22
522 338 42
438 379 40
257 258 41
215 488 6
311 102 34
472 455 28
246 462 36
675 433 19
542 44 16
181 498 22
451 221 49
57 476 42
589 175 12
500 410 3
269 361 38
101 689 5
323 102 35
382 485 38
626 617 7
32 132 19
54 521 39
376 529 18
692 425 5
634 449 41
412 45 10
18 253 39
523 179 46
587 629 49
637 266 49
193 95 47
116 286 5
688 182 5
534 614 1
516 371 36
363 113 5
385 453 12
308 432 45
113 456 21
658 546 32
481 644 46
622 129 11
635 150 23
666 144 9
392 539 3
424 254 10
545 349 36
613 274 22
68 18 37
105 458 41
402 125 27
214 214 24
634 674 22
559 633 20
487 297 18
477 273 20
363 568 42
685 302 30
513 627 2
599 427 25
143 524 23
572 461 31
203 132 5
293 325 31
92 142 22
486 464 0
287 660 13
174 270 20
235 33 11
560 696 17
285 650 40
394 595 24
19 25 26
694 258 2
571 66 28
193 51 34
318 464 19
52 0 37
260 526 10
557 670 15
476 127 43
358 164 9
182 286 15
687 177 24
525 427 29
428 223 20
602 262 23
96 237 11
395 325 14
560 602 16
130 26 11
671 111 47
153 520 40
224 88 13
40 551 12
529 100 13
58 78 15
407 277 0
158 139 3
160 457 24
177 208 13
187 201 0
460 28 43
84 505 40
311 4 35
156 472 0
623 485 6
116 226 7
126 57 37
171 69 11
296 422 17
312 117 46
385 241 23
329 429 15
259 532 46
455 153 12
84 334 4
172 457 19
132 163 7
383 211 35
267 448 25
338 123 42
654 211 41
575 459 25
421 370 26
434 505 33
50 598 29
301 293 34
237 634 6
593 376 5
662 48 31
300 413 41
255 355 42
262 311 27
124 478 2
243 296 23
240 213 25
472 218 10
317 232 12
595 569 31
440 588 35
190 597 39
90 445 3
414 451 40
344 58 35
359 692 5
64 281 3
329 675 8
592 397 49
156 361 27
167 141 29
440 513 24
301 477 15
283 513 42
624 1 42
359 570 28
27 584 25
586 98 20
687 47 4
503 221 13
106 263 10
471 189 40
264 342 19
613 591 4
318 132 0
5 75 39
303 222 48
47 284 48
171 364 13
575 545 12
46 478 19
562 119 35
289 544 15
340 145 8
318 570 1
323 132 22
552 587 20
363 501 3
423 27 0
369 15 15
28 543 47
688 143 37
9 563 49
481 188 42
608 560 21
358 554 38
146 690 49
243 430 20
48 467 36
483 535 26
485 38 3
429 24 48
323 559 7
266 44 5
218 526 11
25 55 1
149 396 34
415 464 42
375 413 42
396 248 22
126 606 23
629 204 5
326 412 25
693 465 36
36 441 14
394 556 2
136 38 32
655 15 31
30 341 25
611 437 36
90 250 12
634 393 3
416 152 8
262 533 4
203 534 3
256 148 24
417 13 9
228 500 30
318 58 0
355 561 14
3 176 43
309 202 11
489 448 32
353 574 20
502 623 31
469 378 9
108 219 21
603 245 31
604 492 35
113 398 39
122 338 37
110 661 34
608 161 9
193 115 19
437 169 8
0 671 14
417 115 5
115 130 39
112 588 32
554 685 10
684 274 30
415 51 41
615 279 10
698 673 38
177 632 6
689 213 8
341 390 23
363 28 34
278 200 21
485 274 21
133 467 3
295 668 25
576 229 0
498 509 43
486 680 16
349 67 28
79 164 21
5 426 16
516 426 16
387 381 14
640 86 21
462 21 14
609 115 2
473 324 41
545 262 23
231 606 18
218 2 7
507 381 12
136 30 14
209 584 6
390 293 46
452 354 45
8 248 41
412 231 14
339 258 22
304 695 2
69 479 38
523 618 16
159 298 36
196 462 33
258 122 46
192 437 25
147 58 2
7 598 30
592 600 28
499 152 48
582 540 15
375 362 17
636 197 18
297 628 1
216 430 49
125 658 29
20 440 10
447 662 5
375 92 11
254 298 46
314 346 38
669 238 13
375 15 21
475 215 28
634 670 5
364 657 12
161 424 49
669 330 23
350 333 25
410 137 36
137 578 43
636 614 14
91 349 35
405 37 4
237 523 14
170 408 18
381 85 2
173 652 44
76 26 46
572 649 40
474 619 43
411 541 39
19 665 5
585 116 0
215 509 14
66 93 24
209 200 45
473 189 11
372 468 8
131 368 26
510 622 24
379 110 2
682 191 45
164 174 14
202 255 10
474 672 21
222 347 27
689 405 45
294 250 43
54 381 12
472 339 28
312 662 17
608 215 8
423 559 34
304 86 19
258 345 6
466 500 17
192 87 32
456 174 47
121 83 22
631 276 33
348 123 32
318 76 20
311 682 6
590 525 24
186 77 19
443 534 27
268 268 41
696 83 28
27 26 21
197 112 3
527 208 45
408 185 38
437 543 13
101 450 28
11 550 49
692 54 19
681 165 17
213 193 34
272 672 30
401 442 27
577 570 2
364 681 40
423 137 23
679 495 19
227 142 10
182 558 26
387 270 28
51 158 13
60 583 36
642 210 22
128 234 41
418 3 17
365 438 31
157 350 14
398 458 11
163 556 7
678 589 35
65 575 36
686 133 10
30 148 28
92 533 40
466 335 10
399 637 42
482 328 2
169 444 44
308 152 47
632 435 8
464 697 43
349 315 41
189 0 12
548 423 1
674 633 41
600 254 40
497 19 30
178 331 44
540 187 49
125 83 38
492 593 2
511 160 34
440 697 35
329 40 5
91 92 10
249 578 29
171 177 23
593 220 47
526 476 40
282 278 9
118 589 9
649 324 22
580 408 17
408 177 3
670 407 46
174 422 11
119 61 6
290 363 33
416 332 2
641 54 13
62 596 10
315 404 49
536 480 48
432 387 34
240 17 6
270 241 32
49 23 8
205 221 45
296 116 28
378 279 8
277 150 7
629 281 45
578 176 3
599 584 15
293 308 22
43 529 14
368 155 41
373 522 48
51 486 44
346 77 17
629 516 24
391 69 12
446 593 41
15 349 7
340 152 36
151 387 26
162 155 33
694 80 47
265 465 13
161 678 28
78 140 11
447 345 20
575 189 0
549 533 15
514 482 7
132 496 17
522 682 10
141 231 37
405 179 21
238 551 47
408 546 26
559 89 22
366 86 5
628 214 10
553 577 48
603 361 31
382 555 47
406 352 21
496 381 21
655 547 24
118 35 26
374 459 48
174 153 22
135 243 38
453 632 47
680 326 28
150 101 11
199 555 13
116 73 11
145 173 24
150 553 31
87 599 10
443 665 22
429 181 12
176 181 47
290 571 5
172 632 39
220 65 31
558 93 6
678 148 6
571 666 46
597 220 44
129 88 9
484 69 28
617 515 26
184 68 6
28 197 18
590 499 35
486 299 20
410 71 13
115 485 18
80 631 17
687 144 36
507 160 27
74 531 2
171 468 43
285 337 11
104 77 6
68 322 13
100 542 37
638 388 5
689 147 31
493 484 37
261 193 17
401 682 47
265 253 4
384 195 25
121 464 31
672 406 6
543 193 30
680 168 11
413 668 1
616 179 18
240 31 33
679 363 9
53 636 45
565 674 20
235 480 26
255 125 21
308 259 6
2 332 5
640 375 12
485 262 30
436 297 2
8 280 40
176 658 43
40 146 24
273 197 30
235 572 0
7 555 16
641 488 31
368 315 46
125 309 12
636 255 12
543 42 21
422 12 48
118 68 17
614 150 40
535 159 19
195 403 40
279 399 5
291 461 31
152 353 33
529 587 42
353 483 20
414 518 44
263 229 2
664 569 20
305 47 44
487 526 26
323 240 29
190 388 10
571 445 21
470 583 39
155 78 29
106 662 35
387 596 33
688 335 29
593 90 12
65 501 5
607 67 19
334 471 7
398 45 47
218 438 44
372 163 28
564 101 23
190 604 1
427 697 42
171 63 1
663 21 15
621 345 10
495 641 22
312 451 15
355 593 38
579 282 8
54 322 7
445 638 44
590 539 4
104 423 25
478 24 31
230 333 23
294 430 46
87 45 5
216 150 39
38 263 35
697 9 30
124 508 37
674 420 22
493 355 34
461 256 6
484 75 32
119 441 32
184 179 29
83 367 36
325 318 37
528 619 27
237 91 6
395 660 1
393 632 36
380 175 7
184 74 19
190 176 41
551 629 40
574 672 41
289 387 40
439 193 3
263 181 3
405 376 29
295 539 18
698 83 39
115 321 43
426 322 38
328 681 49
578 691 23
343 334 43
349 602 7
202 641 37
646 491 37
213 200 16
190 562 35
426 510 27
182 360 39
105 574 13
422 695 16
260 438 38
111 245 17
225 267 39
42 463 47
402 217 49
523 426 3
648 51 20
236 358 17
56 305 31
562 219 25
56 531 45
344 491 3
588 15 0
419 672 41
683 333 25
142 469 0
454 178 35
157 133 43
690 303 0
433 222 21
11 90 38
641 158 47
252 558 29
102 483 40
202 168 22
95 535 8
461 642 44
599 88 28
542 557 41
447 469 45
180 413 14
510 461 35
473 204 12
503 102 19
254 29 2
574 249 30
144 344 49
118 265 13
652 73 20
331 447 11
269 398 48
103 52 29
53 443 22
288 163 34
50 222 40
211 392 1
580 77 16
476 278 20
615 648 48
679 135 7
83 262 2
262 520 20
122 173 41
86 188 17
217 492 48
67 549 15
589 632 19
681 603 30
428 431 39
52 430 22
264 107 45
228 281 40
10 277 21
36 159 43
40 333 37
93 230 24
393 82 3
661 590 12
607 697 1
223 490 17
340 3 16
683 561 9
45 86 1
565 1 40
409 97 33
550 558 21
175 481 37
471 87 49
604 479 38
200 530 11
218 205 40
628 659 22
398 260 48
335 681 14
667 293 46
261 46 38
670 238 26
555 417 21
660 152 8
33 55 15
26 301 34
159 593 48
673 592 43
333 37 3
190 211 44
168 427 48
289 548 29
447 649 31
669 75 48
249 236 49
523 43 31
654 461 34
285 167 16
193 604 16
153 208 23
484 692 17
248 269 30
11 214 40
527 643 4
99 374 45
506 258 39
58 509 39
247 40 18
264 475 26
589 403 16
512 540 20
676 195 41
586 151 9
487 483 35
290 450 36
555 181 28
302 477 12
524 65 22
132 85 28
346 589 28
383 425 15
460 145 28
221 555 20
327 273 34
651 275 36
234 1 37
210 374 40
56 371 30
435 645 32
425 518 23
512 437 48
105 162 17
292 639 47
446 203 31
315 139 8
529 545 44
399 45 22
675 162 22
473 380 38
297 42 8
303 177 25
534 1 28
182 569 36
178 439 38
521 626 13
277 575 24
81 400 11
162 602 48
595 684 16
437 407 43
284 144 9
121 58 43
168 177 19
457 641 41
64 223 15
372 429 41
515 115 36
257 459 0
152 193 41
629 548 27
598 124 24
374 633 35
338 270 12
429 184 9
178 623 35
0 624 43
5 312 15
167 7 27
484 4 40
34 391 21
585 434 40
242 498 36
518 221 24
197 376 4
269 608 27
593 168 16
2 338 0
319 318 40
284 239 6
608 432 28
214 487 39
74 520 27
454 588 41
698 342 2
221 4 46
56 309 33
208 161 33
386 104 35
342 642 10
461 120 43
478 487 13
463 391 34
115 656 11
512 411 9
151 538 20
224 607 7
84 451 1
489 458 41
390 213 12
155 60 43
72 202 26
243 373 16
351 575 28
532 261 19
303 529 7
592 351 3
392 170 19
572 307 44
405 440 33
262 409 7
538 160 21
671 354 47
314 523 29
489 466 37
356 32 20
539 366 22
283 460 3
205 491 9
186 187 29
42 317 45
456 88 2
354 366 33
460 319 31
438 267 26
98 514 20
453 207 19
416 622 42
307 63 10
147 493 30
517 643 26
114 526 17
634 320 21
192 564 4
666 693 14
675 400 12
100 551 26
79 443 27
289 361 35
572 234 44
161 363 4
346 88 8
257 30 23
164 574 46
537 581 18
11 192 41
332 523 11
191 661 30
498 569 41
0 179 17
217 314 45
41 336 17
28 653 9
673 481 3
669 516 33
167 485 2
330 357 31
167 610 16
187 571 27
445 564 38
371 647 15
392 11 7
5 53 21
280 340 30
375 520 40
77 498 36
604 289 31
344 688 10
518 319 9
327 609 19
479 316 0
396 53 8
530 93 6
449 154 22
260 394 4
433 146 29
671 628 9
541 21 38
266 133 35
170 129 11
460 108 32
462 306 28
79 497 37
238 469 33
40 395 16
433 209 7
217 234 3
635 358 43
343 693 16
551 640 44
337 274 12
497 451 45
117 392 42
637 230 13
96 10 39
28 209 36
244 640 32
569 520 43
692 262 14
627 207 44
305 13 11
13 393 14
303 295 12
381 346 9
348 68 24
111 254 35
427 633 40
462 427 27
17 240 42
400 400 8
476 354 35
330 231 45
37 223 22
127 29 11
111 554 30
353 493 21
485 628 43
200 55 21
170 452 25
631 340 34
540 286 34
248 139 15
196 512 12
552 631 37
664 357 48
156 570 0
582 301 43
299 232 44
131 75 4
150 326 16
538 201 23
543 441 30
95 218 9
663 28 29
388 154 13
479 369 16
679 277 37
602 15 42
323 72 48
223 653 48
595 697 8
508 611 43
665 181 2
110 328 6
405 565 23
469 515 3
305 584 28
645 140 33
385 300 18
194 533 35
348 81 32
156 510 22
582 101 6
135 360 21
127 137 43
668 233 45
471 603 42
511 179 34
512 93 30
161 134 8
226 306 41
443 588 27
519 584 24
193 335 24
94 82 17
227 305 46
486 489 40
37 450 9
478 256 27
303 42 0
411 325 43
595 16 15
104 6 18
141 235 48
625 313 23
612 118 7
196 639 36
594 146 43
22 311 30
355 458 47
170 290 23
127 613 4
396 572 0
441 441 46
425 213 24
429 295 3
694 293 17
487 440 29
241 625 34
660 600 7
421 392 43
217 17 3
443 393 39
311 325 28
378 248 0
492 544 4
523 553 36
47 346 26
661 404 38
71 286 5
399 356 28
567 251 19
391 666 17
646 293 37
21 512 17
299 244 47
501 528 42
104 368 18
41 196 12
220 244 18
525 219 34
674 484 9
549 214 45
603 132 1
137 214 13
451 519 40
17 683 18
684 652 36
469 348 37
297 424 18
427 148 43
582 571 19
193 577 14
204 484 43
295 211 43
192 498 40
99 190 43
374 149 24
214 573 19
518 265 33
538 311 2
163 208 49
688 345 31
420 306 21
468 121 8
657 547 32
38 322 23
206 506 39
656 245 1
623 118 0
697 636 41
106 310 13
651 680 44
243 41 45
578 49 5
14 185 27
224 404 6
117 627 5
302 286 18
498 579 11
589 258 40
675 410 32
489 696 0
12 522 29
672 636 27
653 676 20
685 452 1
297 151 1
435 593 22
416 416 28
111 625 38
696 39 44
356 226 2
158 88 21
186 108 27
28 279 47
649 580 45
628 62 26
519 177 41
547 485 31
406 284 4
669 9 6
21 545 15
616 160 47
135 290 27
49 5 36
288 475 43
577 330 37
655 82 3
300 454 39
288 15 8
510 240 49
197 607 4
304 537 35
599 692 13
412 482 33
651 29 37
133 500 14
583 657 18
310 268 8
541 432 37
484 299 1
469 583 6
92 640 37
312 510 20
135 263 15
697 477 24
334 253 33
178 186 24
634 575 49
612 384 24
492 204 22
555 13 12
673 484 10
322 153 47
622 150 37
617 506 31
497 205 36
557 299 40
498 285 47
384 592 25
596 455 28
638 542 28
395 642 37
606 467 3
693 505 46
109 624 4
65 339 6
409 92 49
675 236 11
347 218 13
127 312 46
209 541 30
690 634 15
686 23 16
644 536 37
516 293 49
171 344 27
385 300 40
485 325 18
468 206 29
208 541 25
136 80 16
370 684 47
28 636 4
200 523 14
11 640 0
304 383 16
41 570 45
6 688 6
607 566 7
278 199 24
155 691 40
432 58 46
517 290 17
307 534 46
262 502 39
626 195 6
614 550 36
379 276 22
579 101 12
76 364 7
370 438 12
344 461 30
0 543 6
561 547 39
208 190 2
279 418 19
207 584 47
577 275 13
509 71 42
239 36 21
501 134 29
358 36 19
497 504 48
2 5 38
332 465 16
481 179 23
327 371 13
582 540 16
488 619 39
613 59 1
71 183 14
438 212 34
59 401 24
33 159 14
349 295 22
41 116 27
352 565 41
138 10 17
355 487 24
22 339 41
348 204 34
468 641 22
468 374 26
237 333 41
145 518 15
574 352 46
556 324 16
181 444 40
634 596 26
527 505 18
91 141 15
91 71 9
600 617 16
543 624 14
5 457 2
666 175 46
132 389 46
45 403 2
401 626 3
184 49 0
605 546 25
270 336 45
693 123 32
156 496 10
276 92 0
590 495 2
550 615 36
661 260 34
329 434 0
82 6 36
384 290 17
482 166 16
88 325 1
10 150 32
621 293 38
654 393 45
680 38 17
620 145 33
65 196 33
590 232 39
339 583 17
429 453 29
413 100 2
445 261 1
318 263 13
207 154 26
617 11 29
164 566 31
542 198 22
355 287 7
58 264 12
110 146 15
680 565 46
240 697 42
464 94 34
470 515 0
506 606 2
196 433 11
167 415 45
75 54 48
419 479 38
421 592 47
497 209 2
71 658 22
259 297 49
499 620 20
536 184 12
515 153 35
441 399 17
8 544 19
281 679 8
407 359 6
49 275 26
524 307 24
84 528 46
345 181 14
549 368 38
7 193 4
405 297 17
555 541 43
233 597 29
436 655 33
554 230 2
304 679 38
370 254 22
676 101 15
586 31 30
375 160 14
538 557 40
538 281 47
342 118 20
431 261 19
81 690 33
272 163 2
502 328 21
398 647 45
406 122 36
194 477 44
483 547 40
485 364 23
37 553 18
130 555 16
658 112 6
518 601 42
276 6 2
184 323 20
412 550 25
11 250 45
588 320 1
583 298 42
648 484 45
287 462 43
58 59 21
16 472 32
641 183 38
315 676 16
98 39 33
405 397 46
169 575 17
287 320 30
642 35 39
73 680 23
277 86 31
285 522 45
679 685 13
135 135 33
86 696 48
685 52 21
160 282 36
688 319 36
192 465 28
698 696 36
11 476 47
221 102 45
402 564 39
472 157 20
220 154 9
580 298 41
160 410 41
667 333 25
236 399 25
590 376 6
672 403 36
667 415 42
395 66 6
186 37 48
26 164 35
165 8 40
660 14 4
512 152 38
306 625 30
549 79 29
613 138 17
21 145 41
569 139 8
465 662 23
581 270 47
453 308 8
615 229 16
389 663 21
641 159 31
472 414 16
88 670 18
499 655 0
144 336 28
506 27 13
523 171 27
273 361 23
134 302 37
617 663 3
226 295 45
513 306 20
59 205 46
333 423 2
379 419 26
93 85 15
571 44 7
471 287 49
419 196 15
52 92 3
557 290 9
57 386 9
265 486 19
259 613 35
328 601 18
469 456 31
578 174 45
43 474 16
324 411 35
122 571 7
95 474 38
83 58 45
522 183 31
103 132 0
190 480 8
105 502 8
18 57 11
320 128 6
513 532 42
382 567 20
358 74 37
694 83 14
664 114 46
590 625 5
563 667 42
231 219 30
518 28 48
520 679 41
266 287 8
226 125 9
18 420 35
514 256 47
456 34 10
51 108 28
594 689 24
276 594 40
589 672 19
201 2 44
223 639 9
627 337 36
116 427 19
123 199 14
615 144 36
569 578 26
358 252 46
537 315 38
116 288 32
74 33 15
556 456 12
516 24 29
142 584 22
49 296 26
182 402 25
516 565 2
559 155 17
444 54 43
524 499 22
121 333 13
317 393 23
160 375 24
385 301 22
608 95 26
120 391 38
429 672 27
393 8 4
222 76 37
16 503 40
212 389 3
579 299 22
502 302 19
554 129 34
538 374 26
363 134 22
548 353 3
207 318 33
137 395 29
661 44 9
461 207 26
172 345 42
572 628 46
511 135 35
529 216 32
456 58 49
120 196 24
520 26 6
583 645 24
691 688 38
364 604 27
53 142 4
523 152 25
111 542 24
349 535 40
346 328 5
504 241 9
481 179 2
283 692 32
512 199 11
547 5 40
69 559 28
439 228 30
271 78 40
256 448 44
245 25 10
498 416 30
315 464 26
72 179 43
282 205 36
633 605 37
632 238 15
364 518 49
132 8 46
138 178 38
545 559 19
44 62 19
549 618 17
58 643 11
403 90 36
526 103 4
300 268 23
547 496 16
30 665 2
500 117 23
686 168 47
79 324 28
360 258 25
167 412 34
452 269 12
170 511 35
590 311 14
550 260 45
67 54 37
517 65 42
688 473 15
279 37 38
369 686 30
309 440 21
119 481 26
420 11 4
693 284 7
599 236 29
350 457 5
565 234 49
194 592 20
19 617 13
553 17 27
260 505 3
91 262 26
654 472 34
616 550 43
245 452 47
321 361 44
659 366 35
439 618 7
368 54 0
432 499 20
635 298 42
416 282 29
116 259 8
383 699 35
657 470 21
642 280 27
306 295 36
303 552 18
635 285 28
578 60 1
649 264 35
326 357 37
641 38 43
296 233 43
368 573 35
209 696 31
561 539 34
23 499 31
649 242 6
550 287 40
369 123 38
367 183 0
658 206 38
563 620 16
358 85 23
629 398 6
570 75 46
283 188 19
146 690 25
369 319 41
297 145 4
158 58 44
691 41 37
200 632 25
136 638 8
480 485 13
384 353 27
185 326 20
536 481 20
249 648 27
299 35 23
137 651 31
317 333 21
76 329 31
544 42 17
600 528 16
34 99 7
540 581 23
541 131 49
39 199 25
599 363 45
26 201 24
283 389 35
324 695 45
570 283 17
392 52 24
173 440 5
268 370 43
230 356 15
314 180 8
458 424 8
111 367 17
528 90 49
380 570 40
212 0 14
275 484 32
411 506 18
244 26 36
566 392 38
638 465 12
147 446 9
352 171 6
610 557 16
350 70 45
425 348 24
574 43 29
636 463 16
158 134 1
661 455 15
174 482 39
182 24 0
175 437 26
100 524 14
237 595 25
429 451 38
694 244 6
275 671 40
384 119 29
595 258 7
145 674 38
156 120 32
666 622 7
553 371 5
289 325 29
328 639 27
94 90 48
54 617 42
330 18 48
256 590 32
343 539 1
493 527 19
293 33 31
92 435 26
242 180 16
61 17 7
320 645 16
21 482 32
406 191 20
615 495 43
563 71 42
235 317 12
281 167 21
152 522 28
30 429 24
199 153 1
294 141 14
683 320 44
288 77 13
302 258 2
653 549 8
475 390 38
523 595 1
405 358 23
487 341 26
430 609 20
235 43 31
474 402 0
671 575 9
130 394 22
536 590 15
352 154 32
433 688 5
60 445 23
442 659 37
343 647 34
389 168 38
398 380 29
507 413 10
47 446 21
682 444 42
348 436 3
549 588 23
625 151 40
639 546 12
175 124 28
85 303 31
377 450 48
570 294 16
129 326 38
515 672 2
462 121 17
628 465 29
259 282 39
486 419 35
40 466 32
185 422 3
261 696 41
50 432 22
161 570 13
565 445 20
410 628 20
321 96 4
114 499 10
69 652 35
471 244 30
82 661 45
551 366 33
10 158 22
195 406 14
152 684 5
612 21 41
275 590 25
311 467 32
183 287 43
50 79 18
474 84 29
35 560 5
511 492 24
250 16 10
201 659 9
123 67 0
625 556 40
248 155 7
449 91 10
582 636 19
170 79 25
619 609 1
331 624 7
125 601 33
469 588 14
663 324 34
470 51 47
624 111 17
165 540 29
455 628 11
332 27 10
39 466 37
548 348 4
48 365 21
433 575 41
314 247 12
154 276 4
658 321 34
188 666 16
56 80 29
37 329 39
43 4 1
684 320 37
236 352 32
128 66 22
493 358 29
283 387 23
397 596 44
501 153 20
403 172 20
532 53 24
133 657 15
632 380 17
166 490 18
526 428 29
144 303 49
633 103 10
440 27 10
527 582 43
387 163 11
465 599 1
18 181 8
103 58 38
178 664 7
272 221 22
556 367 10
198 143 34
241 219 2
62 11 11
93 605 31
151 560 48
271 442 44
184 535 0
455 355 23
650 388 39
510 117 32
248 410 45
519 648 39
371 451 45
23 137 49
400 607 34
84 377 12
341 104 46
62 637 1
651 632 15
38 145 28
494 526 28
345 628 5
449 557 12
301 699 27
492 653 45
642 167 49
476 255 42
648 3 15
47 573 15
549 137 19
331 270 3
368 52 28
656 481 45
86 629 31
78 359 2
189 458 38
54 672 8
456 371 47
103 611 24
119 207 5
199 88 11
345 635 42
132 676 17
403 167 49
54 367 12
214 29 43
77 454 12
531 189 26
447 99 39
274 636 12
587 57 3
591 682 29
427 61 2
96 46 33
197 354 32
602 345 26
224 681 45
123 332 43
202 669 32
389 437 49
35 379 4
152 299 0
32 245 43
171 549 40
504 677 5
419 550 28
628 122 18
385 674 34
351 684 37
415 489 31
174 459 0
346 560 27
533 321 11
518 446 0
263 361 46
358 494 21
445 202 46
120 54 3
360 86 19
35 516 13
35 592 18
165 270 36
625 146 44
612 82 15
205 526 1
73 106 30
93 190 41
414 423 7
600 649 22
685 462 2
568 374 2
48 535 38
362 237 22
392 300 43
19 481 20
591 445 34
114 485 29
599 182 36
519 550 43
85 316 8
388 399 25
296 469 31
14 302 20
637 98 27
498 551 38
463 353 5
341 267 12
255 81 45
18 272 44
70 438 21
45 523 43
465 518 35
137 399 49
592 454 24
31 66 29
122 156 18
175 292 10
161 532 28
422 649 27
326 648 28
277 638 25
44 525 39
221 40 40
266 381 48
47 151 7
651 310 7
477 409 3
576 40 23
174 54 19
6 285 49
48 130 23
58 616 34
73 431 4
683 391 22
310 687 14
568 394 29
223 509 7
641 585 27
23 672 28
235 249 17
609 443 17
565 590 41
269 138 4
476 12 41
93 309 20
197 262 28
0 559 42
240 289 44
242 120 36
546 664 36
571 143 16
474 645 38
549 427 4
4 481 46
657 685 14
550 432 23
243 412 32
183 639 18
389 183 9
287 595 45
512 639 35
48 79 7
430 454 1
640 643 18
312 377 23
272 83 35
286 520 7
2 439 6
376 24 2
437 135 49
16 490 17
6 21 25
20 692 15
347 458 34
531 29 32
505 262 39
523 70 42
182 196 30
369 172 15
651 236 5
474 277 4
229 382 1
169 37 1
276 304 23
361 197 45
25 585 12
529 260 18
373 379 9
562 424 24
682 475 15
643 146 32
568 484 11
572 86 16
489 651 4
433 394 26
598 404 33
468 384 17
164 216 14
66 296 23
148 410 46
541 591 16
389 520 5
548 251 31
71 325 28
373 154 9
130 438 41
439 353 48
667 254 27
90 397 6
273 489 12
236 29 38
39 85 41
667 620 10
47 581 32
6 89 34
103 260 12
332 92 43
63 123 11
240 692 43
570 419 49
212 276 45
386 156 3
664 398 8
278 538 23
205 11 43
17 243 27
314 90 16
501 239 44
636 412 24
533 340 1
583 135 28
533 437 34
577 171 22
663 59 40
668 482 48
66 190 27
458 571 6
5 501 34
370 455 7
99 30 25
403 439 44
88 664 23
448 158 30
287 164 13
213 552 20
478 466 4
416 649 27
437 537 9
132 655 5
226 337 16
414 55 40
146 682 35
493 436 46
238 556 3
114 399 41
625 574 24
544 463 49
576 97 34
547 26 43
444 292 11
469 275 39
196 581 21
168 613 16
630 306 9
490 359 34
346 559 3
606 391 43
596 283 0
57 435 12
367 369 15
503 173 41
416 549 15
18 443 38
397 411 41
674 363 25
7 170 21
27 558 36
75 521 26
399 419 41
611 112 9
535 163 30
114 536 33
232 488 39
605 670 40
68 391 28
85 637 20
524 197 4
3 594 12
65 54 0
102 314 29
694 26 13
528 248 29
351 599 3
242 380 16
590 398 8
330 153 1
162 444 49
685 55 22
289 58 2
129 640 10
346 627 44
122 36 23
254 333 6
551 191 34
131 622 29
502 676 30
669 488 29
485 302 10
227 274 10
99 542 5
593 265 28
72 584 26
98 223 1
87 588 47
452 275 0
178 255 43
130 406 31
689 465 21
27 164 40
113 289 10
188 463 20
488 21 14
403 654 22
116 254 36
525 424 18
2 20 9
488 582 41
474 200 16
322 154 2
150 116 26
386 302 37
201 401 49
567 2 15
181 343 10
508 589 8
384 621 6
286 187 21
290 472 18
673 153 31
562 696 13
351 415 4
185 33 14
4 237 3
484 233 22
321 44 20
657 88 29
697 540 23
601 643 26
331 200 48
313 253 11
593 32 1
414 99 16
112 534 49
52 612 41
109 150 30
69 435 12
265 611 17
511 63 21
406 45 43
50 193 14
442 144 33
636 202 25
259 453 7
606 43 29
651 70 45
228 41 9
420 315 44
478 658 34
38 283 38
237 335 30
182 115 30
621 25 2
104 546 12
404 345 25
544 449 44
129 532 9
616 329 11
33 330 46
632 83 23
339 180 35
487 270 39
629 660 21
97 689 13
344 421 5
15 213 34
199 537 15
164 558 11
683 546 43
537 431 5
351 551 40
652 395 20
261 360 17
573 334 33
691 201 28
187 579 0
315 109 22
561 352 20
423 564 37
350 210 41
378 43 11
621 618 48
483 133 45
9 72 18
303 264 45
449 650 46
342 44 5
559 68 35
201 68 47
406 387 35
509 364 33
451 240 25
224 646 0
538 131 21
417 524 34
115 244 2
119 470 17
519 674 37
30 645 16
44 199 12
685 15 21
202 541 4
373 233 2
111 329 24
459 183 15
345 650 26
191 297 13
671 86 12
490 684 6
518 622 19
266 118 41
159 466 3
179 398 17
345 203 30
620 425 34
221 333 35
487 393 27
548 524 42
18 200 44
131 686 45
308 53 47
92 321 19
507 371 22
261 591 2
351 123 15
456 380 11
465 223 0
628 535 3
112 382 26
557 389 42
499 376 11
542 231 10
300 438 30
120 445 29
68 141 12
534 133 20
682 200 10
664 541 49
36 665 33
329 127 4
28 519 34
510 68 17
697 425 6
210 463 48
490 69 44
599 643 5
564 537 8
406 111 14
347 293 29
687 80 35
364 234 26
15 18 34
347 348 47
655 332 31
37 127 46
259 624 49
253 1 41
204 329 15
465 150 32
283 319 46
639 78 38
341 503 6
220 470 49
305 324 28
587 284 29
139 198 23
238 315 2
241 685 13
511 466 27
483 430 15
182 682 31
235 190 12
456 402 48
213 226 47
464 415 43
407 37 18
238 24 20
683 45 28
159 483 21
637 360 49
423 83 5
447 613 36
384 409 34
600 570 39
157 68 6
285 492 22
533 535 33
27 699 11
390 335 0
479 673 6
585 445 9
636 381 39
599 1 7
95 419 34
227 655 10
433 52 0
603 188 48
575 369 4
190 543 7
157 119 25
349 690 46
298 567 46
209 680 29
281 107 19
638 225 49
470 514 10
455 432 15
418 220 37
264 9 3
344 550 41
101 444 27
241 110 46
124 83 48
140 431 20
654 435 3
545 309 14
132 517 30
118 532 13
290 261 32
335 517 45
221 418 5
133 521 46
70 388 44
208 427 35
277 75 5
450 642 4
218 690 24
279 565 4
371 22 44
467 109 10
672 452 24
177 397 20
141 667 41
617 468 15
21 455 27
314 583 37
632 649 12
282 35 42
635 530 34
20 228 38
124 34 33
3 325 22
182 460 15
430 264 23
222 286 8
638 231 15
126 162 13
678 419 1
341 115 26
168 321 48
687 231 39
639 252 30
174 481 42
18 100 0
434 406 30
690 623 49
468 485 34
255 544 44
608 500 19
418 249 47
580 599 48
684 219 32
240 688 20
397 433 40
522 545 40
427 50 32
547 99 0
230 696 4
231 605 1
82 539 17
570 376 43
456 473 16
57 286 16
133 343 22
214 298 21
537 61 9
620 486 27
441 653 23
328 591 47
99 481 23
10 171 28
193 390 3
234 666 47
613 122 45
74 388 22
277 19 33
566 505 44
646 624 41
289 498 47
166 160 41
473 265 5
206 638 46
218 262 44
26 215 43
423 69 24
18 169 22
270 561 15
525 329 44
237 395 30
449 400 1
294 361 3
292 659 48
306 613 19
239 555 11
551 210 27
476 139 22
202 24 46
549 223 12
223 114 21
8 220 31
556 198 49
645 397 16
143 548 42
231 404 45
694 550 49
551 381 48
145 375 45
84 433 0
399 567 47
109 541 31
199 698 24
587 59 12
45 329 9
224 67 16
468 527 44
349 296 42
423 96 17
11 568 48
381 33 24
188 184 18
668 325 4
344 121 10
411 122 1
100 542 30
625 630 1
220 398 27
680 605 32
525 614 12
604 392 9
238 505 16
566 671 30
664 241 26
186 535 33
151 224 26
592 459 1
196 427 7
87 127 20
305 627 37
310 483 3
437 83 41
35 621 27
578 680 34
511 529 3
230 508 30
448 632 41
570 16 13
418 615 34
609 474 41
185 8 10
148 685 28
1 471 5
101 296 22
109 431 37
470 25 34
402 27 46
88 452 47
689 395 48
51 118 23
157 219 23
615 268 33
410 659 25
296 439 33
218 59 18
661 567 3
166 538 26
193 382 26
360 338 7
280 354 28
561 68 21
473 98 7
458 119 45
401 189 16
56 139 25
425 532 28
121 316 12
487 208 38
330 405 40
299 169 7
653 513 6
585 483 48
393 499 12
6 166 35
619 671 14
399 608 47
214 114 12
507 222 27
92 20 49
298 71 36
92 152 17
324 288 43
389 688 14
396 668 46
158 337 45
368 297 25
247 221 37
343 507 20
349 646 39
52 612 20
231 276 41
425 45 49
216 74 6
477 572 36
308 596 9
432 158 38
644 4 30
627 349 19
668 74 1
661 55 16
327 313 12
80 118 28
189 13 41
223 696 31
240 131 35
232 682 32
650 44 2
657 501 18
33 73 44
619 126 33
233 682 12
636 25 2
612 24 45
696 402 23
358 105 27
358 111 31
450 370 30
53 127 9
416 197 18
218 277 31
665 652 13
171 276 36
274 142 41
409 197 12
448 142 48
392 536 20
417 229 24
581 438 6
361 150 47
258 139 5
581 568 14
201 116 44
567 445 17
239 63 0
674 244 49
25 380 17
224 149 36
274 557 35
415 58 25
330 282 11
337 170 12
491 628 11
312 296 26
600 358 21
391 148 22
98 150 8
128 545 42
438 660 23
677 293 45
4 413 32
625 404 45
521 248 18
84 320 41
138 332 19
237 466 32
462 334 31
137 694 2
211 314 42
169 334 47
630 103 41
606 611 47
37 102 15
463 417 17
99 251 43
538 482 4
487 112 12
522 37 24
91 8 18
451 277 23
652 11 30
489 301 15
287 528 29
121 387 13
27 388 27
614 146 25
382 531 39
19 369 47
462 506 10
52 105 11
320 580 41
250 639 38
524 451 5
40 189 25
82 604 3
280 430 11
6 658 37
551 27 30
122 247 7
496 614 5
449 6 10
615 235 38
85 134 13
323 76 13
177 326 22
507 429 16
527 325 0
448 275 30
57 413 46
216 392 5
251 307 30
403 647 2
555 684 35
594 146 40
536 247 5
107 478 8
181 246 49
422 92 13
208 252 41
691 276 24
157 408 46
558 32 13
227 331 41
479 137 0
37 409 0
454 540 47
427 379 46
39 638 31
198 192 21
497 493 13
606 129 43
351 616 44
138 188 25
671 421 30
283 366 49
556 309 16
568 259 45
584 628 44
532 166 8
566 363 13
631 586 10
66 449 22
60 583 23
266 306 46
374 208 46
570 320 16
569 378 27
638 184 9
467 78 30
121 591 40
293 44 9
407 440 23
22 647 0
525 262 32
569 640 1
155 305 26
687 363 29
566 678 45
409 686 6
20 43 6
242 161 33
38 517 45
209 399 47
295 42 2
367 340 3
355 655 2
56 45 12
197 550 39
465 505 27
247 427 3
576 265 25
346 181 3
615 463 10
216 381 27
333 128 34
303 244 26
174 608 35
202 635 41
286 293 20
414 644 7
312 104 46
191 106 26
316 283 33
311 476 5
265 106 48
218 119 41
324 667 0
534 595 25
375 694 37
565 62 39
8 660 32
486 295 22
435 148 9
219 238 16
173 650 10
241 593 48
606 418 18
212 465 19
327 371 14
542 50 49
328 461 27
36 25 6
165 683 3
5 426 3
165 445 27
380 31 30
83 147 23
381 363 44
349 426 40
262 291 29
298 598 28
427 225 10
369 280 23
547 102 15
82 23 5
187 407 9
330 491 11
544 244 25
189 105 6
224 17 6
548 460 30
650 188 16
67 378 23
343 648 32
176 63 48
535 16 7
480 266 11
291 633 29
285 550 41
493 188 38
86 257 9
127 610 26
290 241 14
566 674 42
48 612 42
216 558 27
659 442 39
363 448 46
150 296 46
278 408 36
137 103 23
501 241 45
530 194 0
593 654 44
504 642 24
369 181 43
127 1 2
123 138 11
34 501 5
600 532 6
436 10 17
693 277 42
510 690 8
675 389 19
591 39 35
106 239 23
69 573 44
427 695 36
295 602 16
307 222 14
148 508 22
8 490 7
147 131 36
196 106 17
114 590 17
205 611 33
153 39 26
442 29 40
27 540 36
243 647 3
270 610 5
509 571 21
242 232 42
220 125 31
218 488 1
452 457 15
675 130 1
202 150 38
147 72 40
419 417 43
660 256 42
693 399 32
649 173 43
233 144 6
486 525 14
500 632 22
45 653 9
595 447 8
219 134 36
323 144 32
590 575 46
339 548 15
62 368 19
69 182 13
487 140 16
633 190 21
636 477 45
106 563 49
420 356 33
166 555 7
221 161 1
60 16 13
38 278 47
534 488 49
470 499 15
366 65 32
274 178 37
0 248 43
358 657 21
158 182 17
265 506 20
412 604 2
497 636 43
416 578 6
424 615 23
260 478 36
219 108 38
82 121 16
423 112 36
570 566 42
268 458 26
462 346 31
553 504 38
197 122 45
511 115 37
421 237 4
678 640 14
266 294 31
265 156 34
665 606 15
100 384 39
202 211 7
307 607 27
386 243 35
312 531 27
249 506 1
435 46 9
76 11 8
90 464 47
125 107 33
515 277 44
180 655 18
334 383 11
216 203 48
0 441 10
573 223 39
332 223 37
678 639 3
637 190 13
477 401 3
213 230 14
99 598 3
498 517 40
368 574 42
348 106 34
448 26 17
535 207 27
71 605 30
20 45 8
459 298 42
408 77 16
333 205 28
690 611 40
417 302 19
143 548 26
660 457 13
446 90 18
26 286 10
649 39 13
662 658 20
337 15 25
72 676 40
629 455 10
177 84 25
635 76 40
648 129 40
433 367 37
23 245 3
694 386 34
52 375 41
525 601 5
604 678 41
433 660 25
426 125 40
689 307 35
647 319 33
414 328 13
148 326 40
227 9 16
265 165 37
473 76 0
253 53 29
309 443 0
571 311 28
463 88 18
302 460 18
373 666 10
418 685 1
185 419 46
13 596 39
594 4 19
619 427 38
261 395 2
543 90 47
265 424 34
325 553 42
210 297 47
505 612 6
156 430 31
634 501 21
138 356 15
636 469 24
286 72 2
352 271 30
425 80 8
299 137 17
28 412 31
484 693 8
240 287 38
77 159 9
30 630 26
240 138 41
660 476 10
694 428 37
153 685 39
327 128 46
104 368 46
375 613 33
591 148 46
33 59 27
573 601 7
95 552 35
260 52 21
395 320 23
688 67 25
163 412 24
349 630 28
195 583 33
327 645 0
285 490 22
438 271 43
496 373 11
408 616 0
639 127 47
372 478 39
272 93 8
399 478 16
210 542 45
267 77 4
454 492 2
26 594 45
374 448 33
344 681 25
470 147 18
598 267 44
72 467 38
191 389 18
460 612 0
12 34 27
75 417 40
47 190 40
105 184 43
414 364 0
498 682 25
270 223 48
251 164 27
623 260 14
417 67 20
319 255 47
327 465 0
188 269 13
398 544 9
250 156 5
610 28 13
420 82 32
166 287 31
664 501 30
485 602 23
553 194 27
388 654 2
466 268 47
371 437 33
512 162 20
501 355 35
86 517 41
163 148 32
467 253 46
213 494 7
175 466 29
282 8 2
594 171 6
698 655 44
44 324 28
101 631 40
603 425 28
659 389 20
49 312 38
563 0 41
614 105 44
311 575 34
406 658 47
394 559 23
515 96 22
458 73 26
296 506 5
395 687 43
541 39 38
39 177 22
652 696 32
71 485 29
684 47 18
439 99 15
322 442 12
207 331 48
654 271 40
109 258 25
227 668 14
155 205 39
307 655 46
623 541 49
534 184 26
186 411 22
169 558 11
100 4 35
403 162 8
22 340 1
537 612 47
319 491 48
660 5 25
290 530 31
388 495 38
11 384 47
355 571 2
600 461 17
665 339 1
123 15 9
253 402 31
385 289 7
544 335 14
312 327 34
355 695 35
649 638 5
315 141 6
409 619 27
562 248 29
143 331 1
251 196 48
179 438 6
691 301 13
281 451 19
586 277 42
541 255 35
58 99 11
680 374 34
438 413 6
93 673 21
331 452 3
399 23 0
436 300 16
392 546 14
303 181 2
609 533 22
82 489 42
4 469 40
136 165 5
412 272 26
555 625 10
356 88 46
168 514 13
96 626 15
385 81 29
356 688 16
138 698 15
699 322 33
668 129 43
116 28 11
490 224 41
647 547 19
81 182 39
5 203 49
90 591 18
645 517 45
667 270 38
686 525 2
582 695 28
155 596 20
141 313 46
278 527 3
524 186 36
65 197 18
116 118 44
304 563 29
615 472 43
407 317 26
17 380 7
269 136 8
200 222 24
135 28 14
658 699 27
192 421 40
289 136 43
693 646 21
428 494 18
302 543 46
327 417 35
503 172 26
285 611 16
254 354 42
443 100 0
466 309 34
98 0 32
516 385 43
453 524 21
48 11 25
343 503 23
116 323 35
503 112 17
184 69 7
566 104 34
181 665 22
630 60 37
615 45 43
521 242 15
349 258 48
366 570 46
393 503 17
483 160 14
544 515 14
124 161 25
300 267 22
349 117 18
413 58 29
669 586 25
524 46 37
217 482 21
40 1 35
25 173 47
606 588 17
543 638 34
457 139 44
560 231 3
565 37 40
271 127 47
560 184 41
699 391 40
490 406 13
98 523 40
462 125 21
695 446 28
354 501 23
213 598 46
487 378 12
518 282 34
414 656 19
658 527 30
601 626 42
366 624 44
255 2 19
688 484 21
56 235 18
99 10 13
308 635 15
562 254 2
134 115 10
463 274 42
284 181 48
140 224 1
481 602 43
696 20 1
255 679 28
314 607 23
99 166 18
85 424 14
187 329 18
11 302 22
142 587 42
497 88 22
38 613 33
448 431 0
596 459 9
129 617 24
106 321 39
525 338 9
369 481 39
407 229 13
154 385 0
493 549 44
602 8 34
527 272 7
496 442 22
250 308 19
21 583 27
273 405 44
658 275 44
391 634 2
83 624 36
163 31 1
653 355 26
596 128 1
61 510 30
353 227 41
491 452 9
126 369 34
163 530 21
167 549 17
265 211 25
408 362 0
24 515 49
170 555 11
621 180 37
369 7 35
566 292 32
249 306 44
224 144 20
159 633 6
193 291 22
605 187 7
398 628 46
20 397 29
374 389 9
564 179 22
469 608 17
63 522 18
183 477 20
578 54 14
547 103 24
226 463 41
592 492 4
330 49 25
25 93 41
162 171 37
340 588 4
463 667 36
661 419 13
406 685 0
404 640 22
53 665 45
406 326 7
196 146 30
596 584 43
394 105 9
538 256 29
96 282 29
156 442 40
336 479 44
643 106 32
279 390 35
481 516 27
373 617 28
103 181 23
232 275 32
240 131 36
261 197 3
209 335 21
337 443 33
306 396 36
335 373 34
7 404 7
452 326 31
369 608 31
231 407 46
578 142 45
530 161 47
270 426 37
614 286 5
639 65 21
44 502 7
620 616 38
631 588 44
639 535 1
488 291 40
32 134 41
665 456 33
286 128 9
163 0 5
630 31 10
305 197 18
16 696 39
133 318 3
411 60 35
590 620 46
460 445 40
145 370 13
36 410 18
606 107 6
1 379 44
154 626 13
346 243 14
615 587 40
697 169 33
348 230 4
262 36 10
430 111 9
368 30 38
432 1 2
91 606 4
179 173 10
265 37 19
18 549 12
646 418 38
189 590 33
672 389 3
44 565 3
70 69 39
568 437 24
456 288 16
696 558 36
320 32 25
576 509 41
42 521 37
209 389 33
321 487 27
124 338 14
262 655 27
206 419 43
602 12 21
292 407 18
244 448 15
579 621 48
451 87 25
479 658 33
346 387 7
588 425 45
460 520 40
67 456 4
672 246 6
579 300 43
103 609 8
585 189 21
480 127 0
641 402 43
94 57 21
56 303 16
328 188 12
264 435 22
233 320 2
302 448 6
113 161 10
284 364 35
571 292 12
238 289 1
569 509 38
174 274 17
38 156 48
428 353 9
364 420 9
25 405 7
18 400 28
178 127 3
55 339 40
19 380 43
657 292 26
37 459 39
581 52 33
342 579 7
489 580 15
583 394 13
213 625 11
297 361 35
495 607 6
244 405 24
656 592 0
685 320 31
16 86 34
491 647 17
247 189 42
196 34 23
672 548 23
591 666 11
81 241 11
43 345 46
229 673 0
150 403 28
31 541 23
542 310 38
413 88 29
373 320 37
55 114 31
600 297 11
208 117 2
228 545 39
329 199 33
396 84 26
229 513 3
191 603 14
195 198 42
440 345 14
222 15 10
289 470 49
197 391 24
452 21 40
113 235 16
589 496 48
564 658 43
181 680 7
236 370 12
463 66 13
355 298 22
431 461 0
293 141 49
544 37 32
619 567 13
116 410 42
19 213 30
408 506 47
606 452 46
171 400 27
656 635 11
187 502 34
423 183 13
32 179 32
600 216 8
343 507 9
415 265 30
272 617 8
681 572 7
357 340 7
611 657 43
471 587 43
668 302 38
498 282 2
277 257 35
393 216 28
494 391 21
207 312 32
509 192 27
27 5 41
91 83 31
670 432 4
518 514 13
174 549 2
27 315 37
188 655 27
551 368 34
377 146 20
6 462 45
345 141 32
258 694 4
694 413 38
298 305 39
451 373 47
419 479 17
45 646 0
398 97 41
225 540 49
609 556 43
192 290 24
658 279 38
473 100 14
154 667 30
326 52 25
377 434 20
93 323 40
359 18 28
576 445 3
435 165 26
270 612 30
626 259 10
277 0 24
183 381 6
87 401 18
192 614 41
305 494 30
430 614 48
339 146 12
67 254 48
28 130 24
292 614 37
60 314 45
264 143 19
426 48 44
463 570 5
260 408 48
663 484 25
558 614 30
379 3 49
85 400 1
54 480 38
408 352 10
529 443 32
265 481 24
480 370 39
452 141 44
175 72 33
694 141 9
595 126 45
504 477 39
150 478 10
71 360 4
316 597 38
16 556 28
629 30 46
287 394 14
178 468 33
620 191 23
546 178 39
198 116 0
57 332 3
62 182 46
59 141 11
25 384 15
352 524 18
193 674 19
499 397 48
634 27 25
472 188 1
257 80 41
261 588 39
460 299 20
111 233 26
352 46 21
680 636 36
245 25 23
276 542 49
324 229 1
528 467 48
357 441 0
552 249 0
91 611 14
353 10 42
653 528 14
515 613 49
24 242 4
317 340 12
684 149 28
163 163 47
187 200 36
443 238 18
320 412 47
505 646 39
670 237 35
190 497 42
517 603 30
365 452 19
697 254 28
474 583 11
13 354 24
698 650 40
48 556 24
201 18 5
468 640 37
155 628 5
35 285 0
29 554 1
575 415 37
31 361 10
547 681 5
374 38 38
311 321 16
615 12 47
131 543 8
374 669 2
216 464 9
286 351 37
372 145 13
276 101 13
189 432 38
612 139 40
357 518 15
117 659 22
345 49 21
568 81 21
506 652 36
644 40 31
478 279 23
659 692 48
687 521 2
120 516 47
122 625 2
320 199 34
304 169 33
568 238 24
256 317 0
379 332 48
447 544 9
46 56 20
241 139 43
196 213 31
621 272 46
128 188 39
15 699 5
584 658 34
125 675 39
571 194 35
244 520 25
361 624 21
466 335 9
40 343 6
54 97 39
309 357 2
223 537 38
416 597 41
2 489 37
197 520 17
49 326 23
591 248 35
191 444 8
612 298 22
455 371 9
153 448 45
104 512 16
555 598 12
557 96 18
64 404 18
345 513 45
654 333 4
618 0 29
561 132 8
546 260 43
223 417 12
606 431 39
509 630 40
437 621 25
374 416 31
457 365 43
659 650 21
78 256 34
474 647 45
400 161 13
455 314 0
68 426 17
385 32 20
594 312 42
584 336 11
202 299 17
9 152 40
338 244 16
70 203 5
437 222 37
677 609 13
173 631 22
386 491 8
592 163 12
483 615 48
635 97 25
407 384 44
622 373 44
573 4 9
29 593 47
61 228 9
215 616 15
666 662 42
158 298 31
179 388 23
646 689 30
281 400 30
387 641 11
241 198 39
373 408 9
450 8 41
567 625 0
304 636 17
654 485 35
121 528 35
15 604 44
150 455 19
281 319 48
56 31 41
478 673 39
297 138 26
274 25 15
29 550 36
289 298 33
649 221 39
337 334 34
415 222 37
93 442 22
116 322 25
79 591 21
371 204 43
100 462 33
290 89 17
291 118 20
203 175 17
192 132 8
241 598 8
213 293 1
587 416 18
18 568 36
647 223 47
473 352 15
256 28 15
519 43 48
510 144 10
204 540 37
312 234 44
417 168 35
404 432 16
191 597 46
353 623 28
133 162 40
428 124 31
489 325 34
186 235 46
562 563 35
267 37 5
675 554 20
363 160 13
316 294 47
418 109 14
312 524 34
6 481 40
334 115 12
80 19 26
70 650 44
318 616 11
522 6 26
3 439 10
614 551 32
285 184 1
35 402 13
464 312 40
511 337 28
81 34 1
540 610 38
507 49 1
150 306 45
471 121 38
675 525 7
428 565 36
673 389 35
181 55 37
94 306 16
491 551 37
142 82 21
552 695 21
501 87 27
25 240 41
230 257 1
304 272 21
317 155 23
351 178 48
186 288 21
511 300 28
209 422 28
159 353 9
468 241 17
360 253 0
686 107 26
649 373 14
25 670 45
22 646 46
131 270 10
268 608 9
270 253 4
256 254 3
601 43 19
334 44 28
593 391 40
357 417 15
72 531 6
588 355 45
454 523 18
487 196 7
51 322 4
290 681 10
198 417 44
212 514 14
154 293 9
157 686 29
515 56 40
482 339 27
366 382 31
390 313 31
204 284 8
504 348 8
83 152 48
7 153 24
522 285 34
341 355 39
653 476 3
603 434 32
231 446 20
555 564 10
180 660 28
127 282 10
587 430 42
503 153 17
312 70 15
71 229 6
301 194 34
415 567 10
137 669 34
482 126 8
411 204 45
652 181 33
250 638 22
237 359 11
156 104 49
70 333 4
149 206 4
129 695 16
25 168 25
404 644 6
199 442 48
351 534 12
634 442 7
289 397 36
289 144 1
564 173 29
55 27 47
540 25 0
686 396 6
561 539 28
415 435 21
663 54 38
30 666 5
565 203 32
284 138 38
682 134 46
367 302 31
670 320 38
512 141 30
637 102 35
178 28 5
292 497 23
278 74 10
19 86 41
404 529 48
348 537 7
152 345 45
273 575 22
294 82 33
560 450 35
144 583 6
111 7 6
682 92 8
394 81 9
453 280 18
113 571 44
643 364 29
294 198 44
644 111 23
634 139 4
475 140 34
32 312 31
398 381 19
68 282 19
679 173 19
198 267 31
639 91 14
182 233 0
95 599 43
627 440 40
172 411 16
562 42 41
83 591 45
528 286 3
542 686 14
433 452 24
481 260 24
151 647 23
259 562 18
254 352 43
104 576 40
161 393 47
509 635 45
175 552 0
1 563 34
547 265 38
104 204 40
77 251 3
537 612 35
85 308 8
15 562 22
302 374 6
306 623 43
490 261 37
371 88 31
10 670 49
465 172 14
199 230 44
216 75 4
59 27 31
520 238 33
10 27 26
524 240 32
415 359 40
279 107 45
225 267 11
240 97 45
70 526 18
217 170 15
443 0 22
352 505 0
128 660 17
245 340 24
466 162 49
407 263 16
35 404 18
313 8 44
218 47 46
535 552 48
661 568 13
470 389 49
581 311 5
318 306 34
417 381 22
592 514 23
124 297 37
594 648 36
314 594 29
541 81 23
662 144 9
29 448 3
368 558 47
121 579 1
327 627 11
252 193 39
535 678 13
244 659 16
102 113 6
298 73 27
305 324 1
172 452 39
566 418 29
243 376 33
260 352 31
255 396 0
134 222 48
350 146 36
495 26 46
398 326 20
651 63 14
95 278 30
228 207 26
559 427 16
519 6 40
157 149 24
454 541 42
377 261 17
95 385 9
563 545 8
616 612 1
671 552 44
344 488 25
616 245 21
562 445 30
80 693 48
630 169 9
473 20 35
375 578 19
296 228 39
677 56 33
327 456 17
379 498 7
369 145 48
565 667 21
381 441 4
693 32 35
387 193 38
381 501 41
67 306 18
92 650 12
296 298 22
634 129 21
607 64 16
190 39 18
365 21 19
489 58 29
282 629 4
290 508 26
97 163 40
201 329 29
147 687 31
403 106 0
195 670 19
122 639 45
64 74 40
360 165 36
167 205 14
539 488 15
178 498 18
506 388 4
636 561 0
121 624 33
159 556 32
499 105 44
125 374 33
697 492 6
185 151 30
624 654 29
72 418 44
647 523 36
72 538 4
562 381 18
79 524 15
527 337 30
291 649 35
676 456 40
290 136 10
577 27 7
307 136 48
161 8 12
48 201 42
588 513 18
549 207 2
112 75 32
433 619 19
98 666 0
618 14 6
15 44 13
451 386 41
322 502 40
356 59 27
481 694 7
472 571 17
694 104 47
546 163 36
270 236 26
452 675 3
688 349 5
543 550 37
197 332 43
684 185 11
128 635 6
404 110 30
104 454 22
378 147 3
599 527 35
276 693 25
662 234 36
314 299 14
621 165 5
156 556 5
438 100 44
425 602 8
434 633 3
242 659 45
426 208 30
180 282 7
530 98 25
237 491 15
443 37 47
28 657 10
116 669 11
569 564 0
667 34 6
292 402 35
516 450 17
625 504 33
395 520 27
690 171 6
176 5 9
312 74 47
503 461 11
277 410 34
180 650 24
180 430 7
119 113 24
155 132 42
456 114 42
356 184 2
375 206 22
35 307 4
655 452 4
11 359 6
361 381 8
149 615 45
97 661 34
300 425 12
482 543 32
650 472 47
68 562 15
205 0 0
159 604 16
522 422 2
531 631 3
15 259 31
281 532 24
595 597 29
131 672 32
56 482 43
447 255 28
343 162 7
104 74 21
686 679 9
519 690 43
116 574 14
647 108 13
446 450 47
438 334 31
328 554 5
184 59 30
134 398 27
556 287 37
155 183 44
465 200 3
674 548 43
363 118 11
668 131 13
408 448 35
205 439 18
628 207 17
93 604 22
54 213 1
322 9 10
179 42 9
484 32 33
557 302 25
230 650 49
623 463 17
626 0 30
672 343 44
645 7 12
226 475 31
438 269 42
188 610 14
132 49 21
300 489 21
209 425 0
165 377 28
61 126 2
594 102 25
14 642 23
301 502 23
675 3 24
529 349 29
559 88 49
165 376 11
496 503 48
616 47 3
94 427 24
534 691 9
205 431 37
363 113 5
274 323 35
51 698 47
345 99 36
85 650 14
295 523 30
316 311 16
148 631 38
308 159 38
473 353 3
397 598 27
526 162 14
367 88 15
68 492 36
51 18 5
547 656 19
455 516 3
312 374 32
626 453 20
74 22 3
650 0 8
24 3 8
577 327 26
621 91 41
565 49 36
7 146 36
626 449 27
322 344 5
120 9 40
599 663 11
425 698 40
86 583 25
399 527 23
604 676 44
515 594 46
513 152 34
554 332 1
631 77 12
146 29 17
479 692 13
433 304 30
104 162 4
255 335 30
282 671 37
70 564 15
153 115 10
495 610 45
5 264 6
571 511 1
325 97 0
351 460 12
351 610 28
635 681 10
200 330 15
210 661 28
647 242 25
220 662 18
639 180 45
72 11 43
607 535 20
637 42 2
582 378 25
596 489 47
670 441 29
601 400 23
205 272 7
389 173 41
587 661 36
569 693 24
60 659 45
685 546 32
467 376 2
677 99 24
331 699 3
251 276 42
150 598 28
468 249 6
73 68 46
523 378 37
145 593 44
485 37 40
687 108 35
42 117 19
282 171 30
277 672 49
372 63 45
450 546 35
229 664 0
699 184 29
539 678 49
23 218 2
535 140 14
438 165 11
273 497 39
507 491 29
348 136 26
249 172 30
43 87 23
211 135 25
149 58 17
35 208 19
114 420 40
251 252 32
122 382 25
269 402 41
9 5 47
315 43 27
585 183 10
293 659 37
72 2 25
315 125 28
575 55 41
453 410 46
491 445 16
200 405 42
307 523 27
403 497 21
669 557 24
312 300 47
352 185 17
522 68 46
602 298 26
487 554 11
170 139 18
117 287 45
194 91 44
358 50 19
117 123 2
534 68 42
95 664 39
576 339 23
233 52 17
399 89 20
85 554 16
699 524 35
398 72 47
652 156 13
108 415 45
401 514 35
31 538 6
340 140 34
517 511 0
659 364 18
312 187 46
674 498 39
637 320 45
514 632 15
252 291 45
406 220 24
551 617 12
292 652 19
99 362 8
688 413 18
469 457 27
396 494 13
233 244 24
538 298 6
30 449 2
257 184 30
472 352 43
269 135 33
217 544 8
132 679 42
559 421 2
3 521 25
128 141 27
425 82 11
478 661 46
455 354 27
206 334 47
519 65 33
652 583 46
274 650 12
278 207 6
547 523 20
235 47 10
368 222 29
201 270 43
163 402 19
299 280 39
209 410 34
566 562 8
622 678 1
459 537 11
518 443 37
360 310 47
406 247 29
263 683 4
299 285 39
592 306 27
616 658 27
617 394 9
178 601 49
145 66 21
255 601 39
365 287 49
219 619 21
524 478 29
533 154 43
487 321 45
218 682 29
28 230 40
439 434 17
329 679 25
423 277 38
577 488 35
16 438 31
500 685 22
100 25 34
675 570 15
50 578 17
280 196 11
573 170 16
462 697 43
42 561 28
254 512 49
675 435 18
203 239 44
97 581 48
152 417 23
57 272 24
58 483 4
660 416 23
88 277 37
136 687 30
154 235 34
678 286 18
381 512 0
456 439 16
53 5 35
67 315 48
484 216 26
464 607 1
10 138 45
251 20 34
265 392 49
246 147 28
439 459 17
540 525 28
328 407 3
154 267 45
458 457 7
269 222 4
681 621 39
517 73 24
546 305 24
568 103 47
214 13 0
144 447 49
242 196 23
641 156 9
13 452 43
175 656 22
226 647 36
483 77 12
194 353 31
399 96 3
270 222 25
55 342 16
419 166 36
654 674 14
551 685 4
647 419 10
29 434 35
170 386 5
31 323 20
373 582 44
48 599 14
303 190 19
279 351 13
268 512 8
446 647 0
494 696 43
64 135 47
139 220 11
244 246 44
598 625 39
155 55 36
188 210 24
302 58 42
388 498 44
560 98 12
298 332 47
177 133 2
10 632 46
697 15 34
354 11 37
78 334 15
640 152 17
395 432 13
167 668 37
377 323 7
148 114 21
518 490 7
129 632 22
58 687 45
487 58 7
685 484 27
144 241 29
55 117 17
155 573 1
243 69 10
625 534 44
646 623 6
498 13 2
451 75 4
267 489 15
161 298 48
504 344 16
585 162 43
298 403 41
287 586 44
188 121 39
291 393 40
189 492 15
365 681 31
289 336 2
627 587 36
318 292 7
353 85 34
515 299 4
274 532 47
319 630 49
509 437 49
643 462 21
149 614 11
649 395 0
4 312 42
624 319 13
342 154 15
496 213 29
313 32 12
290 397 28
201 604 8
273 344 15
565 53 42
233 374 1
452 410 14
55 105 25
574 383 27
454 310 14
496 259 21
102 214 8
136 460 6
672 38 46
241 660 24
620 186 31
211 686 12
34 105 20
604 278 44
325 45 15
338 532 2
627 202 11
99 591 13
137 18 3
454 263 49
42 115 36
201 526 4
579 296 40
106 499 36
564 249 5
583 229 17
281 609 20
370 510 19
499 268 6
323 430 18
17 102 27
434 468 23
141 481 28
482 7 47
190 276 33
621 580 8
500 441 34
508 226 39
376 587 37
57 270 20
151 224 49
135 180 32
561 352 10
577 486 17
201 646 18
376 317 6
501 334 34
517 88 18
561 313 44
73 509 6
406 17 32
205 33 37
678 211 30
590 385 48
168 234 1
673 533 36
12 153 5
200 604 40
247 135 45
695 222 48
103 296 1
503 67 47
438 416 3
593 0 45
650 132 25
667 235 49
20 365 14
317 573 43
659 27 4
136 58 48
273 641 23
327 95 9
686 571 23
369 164 5
134 695 3
574 20 11
179 503 10
118 251 24
176 439 21
214 462 22
452 430 21
110 585 1
571 311 33
105 587 22
555 157 23
564 461 4
402 387 30
547 22 28
451 514 25
400 307 39
462 325 7
443 679 6
525 393 4
365 20 9
319 334 0
51 129 10
601 438 46
177 458 31
49 337 7
203 522 9
515 259 5
289 304 2
383 645 42
193 471 4
120 664 34
386 125 0
621 78 7
631 535 9
456 389 45
303 9 6
692 483 31
222 448 0
553 615 28
568 384 46
663 140 25
322 269 6
136 697 27
63 138 37
210 109 14
478 431 8
683 108 36
397 299 24
354 608 0
86 67 28
50 538 41
95 209 3
187 619 5
682 599 20
522 367 49
257 439 42
142 280 1
602 59 20
51 34 28
639 55 30
639 576 19
635 158 3
310 266 5
475 370 15
560 463 19
167 257 19
83 555 15
695 335 27
628 36 0
304 699 1
228 407 13
552 437 26
73 175 34
504 303 21
285 544 11
22 621 33
397 301 0
186 614 35
189 164 46
153 540 27
71 140 25
621 545 28
598 119 19
171 101 0
176 80 21
405 342 18
52 204 18
671 342 32
313 314 17
394 692 44
180 547 19
586 356 7
182 156 12
641 340 24
163 234 3
105 76 31
481 36 37
618 249 43
45 53 36
522 687 34
3 208 49
160 528 15
92 438 29
10 105 42
315 249 41
560 513 42
603 181 1
671 694 31
538 475 26
553 453 30
235 425 25
305 253 49
389 473 4
26 113 14
420 388 33
103 681 20
61 33 35
133 14 45
348 56 9
587 164 27
507 683 26
475 469 28
418 434 35
658 398 15
423 85 27
100 425 6
236 638 28
418 219 49
403 346 2
9 611 9
61 539 48
8 76 10
15 24 14
391 270 45
309 557 34
302 151 18
160 54 5
577 367 23
218 160 47
168 524 38
116 286 46
473 283 23
101 328 11
273 331 25
441 219 23
136 47 38
664 170 49
393 116 39
490 578 32
456 595 19
582 516 37
321 565 33
292 263 13
298 278 16
508 368 36
543 190 25
185 377 19
103 145 7
501 240 46
602 602 7
538 437 26
215 691 29
212 106 15
200 292 5
631 488 29
568 148 43
328 699 15
699 36 15
672 14 38
204 378 30
625 138 23
34 92 14
625 104 1
173 63 8
450 491 40
17 229 28
381 253 34
504 659 13
516 628 29
6 455 4
51 387 27
497 457 36
40 426 22
200 504 26
525 153 14
498 216 13
594 519 42
224 556 22
130 354 27
279 256 21
345 687 23
295 333 30
418 613 20
136 273 36
450 17 25
212 576 8
327 211 41
635 448 31
109 453 31
619 452 45
3 109 16
668 224 23
485 274 27
248 629 26
96 439 27
82 515 7
95 620 16
76 68 18
122 612 3
36 373 16
389 590 37
433 493 12
608 547 5
148 92 2
493 556 10
697 42 40
20 654 44
135 417 35
389 601 29
682 467 30
125 317 3
626 307 30
368 44 37
108 18 30
203 510 42
384 449 13
386 205 40
150 415 11
551 355 3
168 641 34
295 61 28
188 390 43
129 219 12
353 630 23
258 228 45
256 684 41
232 416 9
167 278 16
328 374 37
304 104 41
469 492 13
127 17 35
98 525 15
96 147 0
697 324 32
242 357 18
627 322 5
329 603 43
151 222 21
286 358 24
269 394 16
221 279 44
514 182 33
514 564 15
628 398 21
664 90 38
641 19 47
300 251 4
600 669 10
247 114 27
163 122 45
252 259 0
683 517 0
379 511 24
418 83 3
531 261 15
103 601 45
60 584 11
283 571 2
464 152 16
60 334 6
695 688 31
448 85 48
254 195 34
552 268 26
509 545 37
162 524 19
542 290 34
343 230 33
289 510 37
512 145 8
146 560 5
441 313 25
545 162 45
280 405 36
79 524 20
686 253 17
632 556 19
572 333 44
103 456 29
105 249 31
634 660 19
428 393 13
335 122 41
313 273 23
207 566 30
562 266 27
159 619 9
276 528 8
225 642 44
368 52 37
114 561 42
115 599 17
558 341 20
245 447 2
283 283 39
134 27 25
249 130 31
23 304 47
352 393 6
224 270 42
652 19 46
457 170 19
399 577 28
246 446 23
681 133 49
681 622 44
395 140 27
397 38 39
92 114 29
560 668 20
537 174 2
413 653 2
169 622 21
548 396 36
539 278 10
308 191 21
406 616 36
577 268 36
512 186 45
470 613 48
79 586 1
383 514 15
423 417 14
602 485 8
45 478 34
235 89 41
436 2 24
686 78 8
156 131 28
336 627 45
313 656 39
535 690 28
668 619 0
665 343 19
682 311 5
124 381 14
391 199 10
648 480 6
376 386 34
123 228 27
535 532 25
225 536 48
31 262 2
67 594 47
670 520 6
336 466 10
622 359 26
244 697 5
146 644 36
499 109 39
154 544 7
605 697 31
78 523 11
660 431 36
274 92 26
477 401 35
151 683 28
418 225 42
149 74 2
516 634 46
